0 0.38321596244131456 0.5145833333333333 0.04107981220657277 0.10416666666666667
0 0.4876760563380282 0.7166666666666667 0.01995305164319249 0.058333333333333334
0 0.4454225352112676 0.6166666666666667 0.022300469483568074 0.07083333333333333
0 0.590962441314554 0.5322916666666667 0.045774647887323945 0.09375
0 0.6584507042253521 0.5229166666666667 0.028169014084507043 0.05416666666666667
0 0.4624413145539906 0.7645833333333333 0.028169014084507043 0.058333333333333334
0 0.2805164319248826 0.759375 0.04929577464788732 0.10208333333333333
0 0.057511737089201875 0.48125 0.07511737089201878 0.1
0 0.5557511737089202 0.621875 0.022300469483568074 0.06458333333333334
0 0.2007042253521127 0.675 0.05868544600938967 0.05416666666666667
0 0.2605633802816901 0.48854166666666665 0.03286384976525822 0.06458333333333334
0 0.5293427230046949 0.7989583333333333 0.025821596244131457 0.07708333333333334
0 0.9606807511737089 0.6020833333333333 0.045774647887323945 0.041666666666666664
0 0.5234741784037559 0.6552083333333333 0.03051643192488263 0.052083333333333336
0 0.2775821596244131 0.5510416666666667 0.07863849765258216 0.04791666666666667
0 0.7341549295774648 0.5375 0.045774647887323945 0.05416666666666667
0 0.3890845070422535 0.6791666666666667 0.03403755868544601 0.05416666666666667
0 0.9800469483568075 0.428125 0.03755868544600939 0.04375
0 0.20657276995305165 0.590625 0.03990610328638498 0.052083333333333336
0 0.8356807511737089 0.565625 0.05868544600938967 0.08125
0 0.8890845070422535 0.403125 0.06455399061032864 0.04791666666666667
0 0.7376760563380281 0.6135416666666667 0.03873239436619718 0.07708333333333334
0 0.2576291079812207 0.6229166666666667 0.036384976525821594 0.0625
0 0.7444483568075118 0.7025208333333333 0.04225352112676056 0.05625
0 0.7617370892018779 0.690625 0.04225352112676056 0.05625
0 0.613849765258216 0.7385416666666667 0.03755868544600939 0.052083333333333336
0 0.857981220657277 0.74375 0.046948356807511735 0.0625
0 0.9025821596244131 0.6510416666666666 0.05868544600938967 0.052083333333333336
0 0.8215962441314554 0.46770833333333334 0.05868544600938967 0.052083333333333336
0 0.6379107981220657 0.715625 0.03873239436619718 0.05625
0 0.931924882629108 0.4322916666666667 0.05868544600938967 0.03958333333333333
0 0.32335680751173707 0.6635416666666667 0.029342723004694836 0.08541666666666667
0 0.8732394366197183 0.709375 0.06103286384976526 0.052083333333333336