0 0.12793427230046947 0.6770833333333334 0.06103286384976526 0.07083333333333333
0 0.5252347417840375 0.41458333333333336 0.03873239436619718 0.06666666666666667
0 0.8515258215962441 0.3958333333333333 0.057511737089201875 0.05416666666666667
0 0.7030516431924883 0.42604166666666665 0.03755868544600939 0.05625
0 0.6804342723004695 0.684375 0.05057511737089202 0.08085416666666667
0 0.43427230046948356 0.5020833333333333 0.023474178403755867 0.05416666666666667
0 0.8562206572769953 0.46041666666666664 0.05985915492957746 0.05416666666666667
0 0.3902582159624413 0.43020833333333336 0.03169014084507042 0.04375
0 0.29225352112676056 0.3 0.046948356807511735 0.05416666666666667
0 0.9665492957746479 0.6104166666666667 0.06455399061032864 0.05
0 0.6291079812206573 0.37395833333333334 0.023474178403755867 0.04791666666666667
0 0.7711267605633803 0.6364583333333333 0.06103286384976526 0.05625
0 0.8368544600938967 0.6552083333333333 0.03990610328638498 0.052083333333333336
0 0.6355633802816901 0.4322916666666667 0.01995305164319249 0.052083333333333336
0 0.7265258215962441 0.5729166666666666 0.028169014084507043 0.05
0 0.5897887323943662 0.5791666666666667 0.062206572769953054 0.05
0 0.7875586854460094 0.55 0.0539906103286385 0.05
0 0.693075117370892 0.73125 0.02699530516431925 0.041666666666666664
0 0.8262910798122066 0.5114583333333333 0.04929577464788732 0.04791666666666667
0 0.7476525821596244 0.49895833333333334 0.03286384976525822 0.05625
0 0.06514084507042253 0.6177083333333333 0.05516431924882629 0.06458333333333334
0 0.8926056338028169 0.60625 0.0528169014084507 0.058333333333333334
0 0.5774647887323944 0.44895833333333335 0.028169014084507043 0.05625
0 0.6795774647887324 0.5885416666666666 0.03755868544600939 0.03958333333333333
0 0.9882629107981221 0.5385416666666667 0.02112676056338028 0.03958333333333333
0 0.5434272300469484 0.51875 0.035211267605633804 0.041666666666666664
0 0.6954225352112676 0.540625 0.03873239436619718 0.04791666666666667
0 0.795774647887324 0.603125 0.04929577464788732 0.052083333333333336
0 0.9014084507042254 0.6427083333333333 0.051643192488262914 0.07708333333333334
0 0.7740610328638498 0.48125 0.04812206572769953 0.075
0 0.676056338028169 0.634375 0.028169014084507043 0.04375