0 0.48708920187793425 0.31354166666666666 0.028169014084507043 0.03958333333333333
0 0.6948356807511737 0.184375 0.035211267605633804 0.04375
0 0.761150234741784 0.178125 0.03403755868544601 0.04375
0 0.4653755868544601 0.515625 0.015258215962441314 0.03125
0 0.1431924882629108 0.7666666666666667 0.03051643192488263 0.04583333333333333
0 0.5346244131455399 0.35208333333333336 0.03169014084507042 0.05416666666666667
0 0.42077464788732394 0.5364583333333334 0.02699530516431925 0.035416666666666666
0 0.25880281690140844 0.9458333333333333 0.05046948356807512 0.075
0 0.7593896713615024 0.14479166666666668 0.028169014084507043 0.04375
0 0.08333333333333333 0.928125 0.03286384976525822 0.04791666666666667
0 0.2564553990610329 0.8166666666666667 0.04342723004694836 0.0625
0 0.03227699530516432 0.9770833333333333 0.03403755868544601 0.041666666666666664
0 0.4677230046948357 0.459375 0.022300469483568074 0.03958333333333333
0 0.5264084507042254 0.3 0.022300469483568074 0.029166666666666667
0 0.625 0.484375 0.02699530516431925 0.05625
0 0.12265258215962441 0.984375 0.04107981220657277 0.027083333333333334
0 0.40492957746478875 0.47604166666666664 0.018779342723004695 0.03125
0 0.6150234741784038 0.4322916666666667 0.02112676056338028 0.035416666666666666
0 0.7987089201877934 0.096875 0.03169014084507042 0.04375
0 0.562206572769953 0.375 0.028169014084507043 0.041666666666666664
0 0.4583333333333333 0.425 0.022300469483568074 0.041666666666666664
0 0.040492957746478875 0.9177083333333333 0.045774647887323945 0.052083333333333336
0 0.5704225352112676 0.40625 0.02112676056338028 0.0375
0 0.08744131455399061 0.9666666666666667 0.02699530516431925 0.0375
0 0.3145539906103286 0.9760416666666667 0.03051643192488263 0.04375
0 0.7142018779342723 0.27395833333333336 0.036384976525821594 0.04791666666666667
0 0.7282863849765259 0.20833333333333334 0.01995305164319249 0.03333333333333333
0 0.721244131455399 0.2125 0.03403755868544601 0.041666666666666664
0 0.4624413145539906 0.44166666666666665 0.03286384976525822 0.075
0 0.6555164319248826 0.403125 0.03169014084507042 0.04791666666666667
0 0.8080985915492958 0.128125 0.03403755868544601 0.04375
0 0.6310680751173708 0.36664583333333334 0.045316901408450704 0.06964583333333334