0 0.6825117370892019 0.6510416666666666 0.04812206572769953 0.11041666666666666
0 0.6666666666666666 0.4427083333333333 0.03051643192488263 0.04375
0 0.8943661971830986 0.6354166666666666 0.06338028169014084 0.08333333333333333
0 0.6038732394366197 0.7208333333333333 0.04107981220657277 0.058333333333333334
0 0.8568075117370892 0.7302083333333333 0.05868544600938967 0.07291666666666667
0 0.15610328638497653 0.7458333333333333 0.051643192488262914 0.05416666666666667
0 0.517018779342723 0.753125 0.02699530516431925 0.10208333333333333
0 0.4154929577464789 0.7854166666666667 0.04460093896713615 0.058333333333333334
0 0.22124413145539906 0.7729166666666667 0.04107981220657277 0.075
0 0.38673708920187794 0.7135416666666666 0.02464788732394366 0.04791666666666667
0 0.6120892018779343 0.3333333333333333 0.02464788732394366 0.05416666666666667
0 0.5211267605633803 0.5 0.03286384976525822 0.05
0 0.5534037558685446 0.5802083333333333 0.045774647887323945 0.07291666666666667
0 0.24471830985915494 0.421875 0.04342723004694836 0.04791666666666667
0 0.3086854460093897 0.7208333333333333 0.06807511737089202 0.08333333333333333
0 0.09213615023474178 0.35520833333333335 0.06690140845070422 0.04791666666666667
0 0.18603286384976525 0.6875 0.03403755868544601 0.058333333333333334
0 0.1643192488262911 0.425 0.08450704225352113 0.05
0 0.6273474178403756 0.3770833333333333 0.03169014084507042 0.0375
0 0.5933098591549296 0.64375 0.029342723004694836 0.05416666666666667
0 0.9113849765258216 0.7927083333333333 0.057511737089201875 0.08541666666666667
0 0.44366197183098594 0.5708333333333333 0.02112676056338028 0.05416666666666667
0 0.36795774647887325 0.525 0.03873239436619718 0.05416666666666667
0 0.16901408450704225 0.5583333333333333 0.046948356807511735 0.075
0 0.07511737089201878 0.2947916666666667 0.05868544600938967 0.052083333333333336
0 0.23767605633802816 0.6010416666666667 0.05046948356807512 0.09791666666666667
0 0.1772300469483568 0.3697916666666667 0.0539906103286385 0.04375
0 0.06748826291079812 0.45 0.07629107981220658 0.07916666666666666
0 0.9847417840375586 0.6645833333333333 0.028169014084507043 0.05
0 0.40375586854460094 0.6010416666666667 0.028169014084507043 0.07291666666666667
0 0.12969483568075119 0.6395833333333333 0.05516431924882629 0.058333333333333334
0 0.3755868544600939 0.6677083333333333 0.03755868544600939 0.052083333333333336
0 0.4460093896713615 0.671875 0.03755868544600939 0.05625
0 0.3057511737089202 0.5541666666666667 0.04812206572769953 0.05416666666666667
0 0.29988262910798125 0.503125 0.03873239436619718 0.06458333333333334
0 0.062206572769953054 0.6572916666666667 0.07276995305164319 0.06041666666666667
0 0.10401408450704226 0.5233125 0.07528169014084507 0.0534375
0 0.061549295774647884 0.5990833333333333 0.05437793427230047 0.05347916666666667
0 0.03455399061032864 0.5253958333333333 0.05374413145539906 0.06139583333333333