0 0.41901408450704225 0.4479166666666667 0.02112676056338028 0.05
0 0.3761737089201878 0.3729166666666667 0.03169014084507042 0.04583333333333333
0 0.25938967136150237 0.428125 0.03051643192488263 0.04375
0 0.818075117370892 0.3770833333333333 0.03051643192488263 0.04583333333333333
0 0.5123239436619719 0.6166666666666667 0.022300469483568074 0.06666666666666667
0 0.4841549295774648 0.5197916666666667 0.02464788732394366 0.04375
0 0.29870892018779344 0.4791666666666667 0.022300469483568074 0.04583333333333333
0 0.6907276995305164 0.5510416666666667 0.03403755868544601 0.03958333333333333
0 0.5803990610328639 0.45206250000000003 0.024014084507042253 0.07391666666666666
0 0.6097417840375586 0.4083333333333333 0.02464788732394366 0.04583333333333333
0 0.3785211267605634 0.5020833333333333 0.02464788732394366 0.041666666666666664
0 0.7552816901408451 0.471875 0.03873239436619718 0.04791666666666667
0 0.32315727699530516 0.6627291666666667 0.028462441314553992 0.04652083333333333
0 0.36178403755868543 0.6360208333333334 0.040845070422535205 0.06585416666666667
0 0.3644366197183099 0.5875 0.02699530516431925 0.0375
0 0.2136150234741784 0.47708333333333336 0.03051643192488263 0.041666666666666664
0 0.8849765258215962 0.9208333333333333 0.02112676056338028 0.05416666666666667
0 0.19416666666666668 0.5784166666666667 0.02822769953051643 0.059812500000000005
0 0.24068075117370893 0.5862083333333333 0.0392018779342723 0.058020833333333334
0 0.23884976525821597 0.5166666666666667 0.036384976525821594 0.0375
0 0.06924882629107981 0.39895833333333336 0.051643192488262914 0.04375
0 0.8286384976525821 0.740625 0.04460093896713615 0.04375
0 0.8914319248826291 0.459375 0.04812206572769953 0.04791666666666667
0 0.8667840375586855 0.40520833333333334 0.04107981220657277 0.04375
0 0.2648004694835681 0.6549583333333333 0.03633802816901409 0.058270833333333334
0 0.2857981220657277 0.5802083333333333 0.02464788732394366 0.035416666666666666
0 0.7435446009389671 0.565625 0.04107981220657277 0.035416666666666666
0 0.42120892018779343 0.6068333333333332 0.04362676056338028 0.05602083333333333
0 0.41784037558685444 0.55625 0.023474178403755867 0.0375
0 0.4131455399061033 0.6114583333333333 0.018779342723004695 0.04375
0 0.31572769953051644 0.61875 0.025821596244131457 0.0375
0 0.46453051643192483 0.48275 0.0210093896713615 0.035250000000000004
0 0.4724178403755869 0.446875 0.01995305164319249 0.035416666666666666
0 0.06924882629107981 0.44166666666666665 0.03990610328638498 0.041666666666666664
0 0.6038732394366197 0.55625 0.03169014084507042 0.0375
0 0.8039906103286385 0.6697916666666667 0.035211267605633804 0.035416666666666666
0 0.9765258215962441 0.55625 0.04460093896713615 0.05416666666666667
0 0.988849765258216 0.55625 0.01995305164319249 0.05416666666666667
0 0.6345892018779342 0.6244583333333333 0.03512910798122066 0.07002083333333334
0 0.6713615023474179 0.5916666666666667 0.035211267605633804 0.03333333333333333
0 0.8867370892018779 0.628125 0.045774647887323945 0.04375
0 0.07453051643192488 0.36354166666666665 0.04812206572769953 0.035416666666666666
0 0.1502112676056338 0.5746458333333333 0.03751173708920188 0.06899999999999999
0 0.17077464788732394 0.5 0.04107981220657277 0.0375
0 0.005868544600938967 0.39479166666666665 0.011737089201877934 0.03958333333333333
0 0.7805399061032864 0.49924999999999997 0.03484741784037559 0.06214583333333333
0 0.8117018779342724 0.5219583333333333 0.030880281690140843 0.059104166666666666
0 0.8282394366197183 0.6070208333333333 0.03835680751173709 0.059416666666666666