0 0.4818075117370892 0.490625 0.03403755868544601 0.06041666666666667
0 0.6672535211267606 0.46145833333333336 0.04812206572769953 0.10625
0 0.3163145539906103 0.740625 0.04812206572769953 0.06875
0 0.3609154929577465 0.621875 0.04107981220657277 0.052083333333333336
0 0.2576291079812207 0.6489583333333333 0.05046948356807512 0.06458333333333334
0 0.9595070422535211 0.49583333333333335 0.0528169014084507 0.1375
0 0.36384976525821594 0.5041666666666667 0.04460093896713615 0.058333333333333334
0 0.22476525821596244 0.33645833333333336 0.057511737089201875 0.10625
0 0.2687793427230047 0.45416666666666666 0.04225352112676056 0.09166666666666666
0 0.42488262910798125 0.353125 0.028169014084507043 0.06041666666666667
0 0.31866197183098594 0.584375 0.03873239436619718 0.10208333333333333
0 0.9606807511737089 0.5520833333333334 0.04107981220657277 0.025
0 0.051643192488262914 0.27291666666666664 0.07511737089201878 0.08333333333333333
0 0.9577464788732394 0.91875 0.0539906103286385 0.15833333333333333
0 0.18286384976525824 0.4579375 0.02949530516431925 0.07352083333333333
0 0.22124413145539906 0.4239583333333333 0.04342723004694836 0.052083333333333336
0 0.534037558685446 0.446875 0.04460093896713615 0.06458333333333334
0 0.3221830985915493 0.55625 0.029342723004694836 0.05
0 0.8080985915492958 0.6302083333333334 0.06924882629107981 0.07708333333333334
0 0.17018779342723006 0.384375 0.051643192488262914 0.06875
0 0.04107981220657277 0.35833333333333334 0.056338028169014086 0.06666666666666667
0 0.960093896713615 0.5010416666666667 0.051643192488262914 0.03958333333333333
0 0.14956572769953053 0.5284375 0.05757042253521127 0.08262499999999999
0 0.1619483568075117 0.6159374999999999 0.04571596244131456 0.08329166666666667
0 0.10753521126760564 0.6737083333333334 0.05637323943661972 0.07758333333333334
0 0.10156103286384977 0.5971875 0.05117370892018779 0.07241666666666666
0 0.07765258215962441 0.4969791666666667 0.04947183098591549 0.08185416666666666
0 0.09825117370892018 0.5132708333333333 0.04241784037558686 0.06745833333333334
0 0.13057511737089203 0.46287500000000004 0.04946009389671362 0.06514583333333333
0 0.08896713615023474 0.4158958333333333 0.05586854460093897 0.09239583333333333
0 0.03348591549295775 0.5702916666666666 0.055880281690140844 0.10195833333333333
0 0.13089201877934273 0.37535416666666666 0.060774647887323945 0.07949999999999999