0 0.6660798122065728 0.778125 0.03873239436619718 0.08125
0 0.681924882629108 0.5645833333333333 0.04225352112676056 0.058333333333333334
0 0.08744131455399061 0.3072916666666667 0.07863849765258216 0.06875
0 0.8039906103286385 0.7854166666666667 0.07042253521126761 0.075
0 0.27875586854460094 0.8041666666666667 0.045774647887323945 0.07083333333333333
0 0.08509389671361503 0.4010416666666667 0.07629107981220658 0.06041666666666667
0 0.6261737089201878 0.59375 0.05516431924882629 0.0625
0 0.48826291079812206 0.9020833333333333 0.046948356807511735 0.0625
0 0.5105633802816901 0.51875 0.04929577464788732 0.05
0 0.6097417840375586 0.6864583333333333 0.045774647887323945 0.11041666666666666
0 0.267018779342723 0.45729166666666665 0.05516431924882629 0.06041666666666667
0 0.7623239436619719 0.60625 0.062206572769953054 0.058333333333333334
0 0.3961267605633803 0.8208333333333333 0.03169014084507042 0.075
0 0.15845070422535212 0.6916666666666667 0.04460093896713615 0.06666666666666667
0 0.7417840375586855 0.7239583333333334 0.06572769953051644 0.07291666666666667
0 0.2323943661971831 0.628125 0.04460093896713615 0.07708333333333334
0 0.3644366197183099 0.37916666666666665 0.0528169014084507 0.08333333333333333
0 0.36678403755868544 0.47708333333333336 0.045774647887323945 0.05416666666666667
0 0.5956572769953051 0.5010416666666667 0.02699530516431925 0.052083333333333336
0 0.3145539906103286 0.5125 0.04225352112676056 0.04583333333333333
0 0.7775821596244131 0.6822916666666666 0.06455399061032864 0.06875
0 0.3257042253521127 0.6833333333333333 0.036384976525821594 0.06666666666666667
0 0.5492957746478874 0.43854166666666666 0.025821596244131457 0.05625
0 0.27816901408450706 0.5583333333333333 0.025821596244131457 0.041666666666666664
0 0.11678403755868545 0.6 0.06690140845070422 0.058333333333333334
0 0.4565727699530516 0.48541666666666666 0.03051643192488263 0.058333333333333334
0 0.11443661971830986 0.65 0.03873239436619718 0.041666666666666664
0 0.2734741784037559 0.6875 0.04460093896713615 0.0625
0 0.052230046948356805 0.45208333333333334 0.062206572769953054 0.0625
0 0.46068075117370894 0.56875 0.04812206572769953 0.075
0 0.5663145539906104 0.640625 0.04342723004694836 0.07291666666666667
0 0.014671361502347418 0.6385416666666667 0.029342723004694836 0.052083333333333336
0 0.3902582159624413 0.7583333333333333 0.06455399061032864 0.0625
0 0.47300469483568075 0.6614583333333334 0.023474178403755867 0.06458333333333334
0 0.2705399061032864 0.3385416666666667 0.04107981220657277 0.07291666666666667
0 0.2576291079812207 0.2760416666666667 0.04812206572769953 0.052083333333333336
0 0.5674882629107981 0.5958333333333333 0.04342723004694836 0.058333333333333334
0 0.16312206572769952 0.3395208333333333 0.08390845070422534 0.12475