0 0.1449530516431925 0.4739583333333333 0.02464788732394366 0.052083333333333336
0 0.3673708920187793 0.20104166666666667 0.018779342723004695 0.04375
0 0.3890845070422535 0.18541666666666667 0.022300469483568074 0.041666666666666664
0 0.5645539906103286 0.5166666666666667 0.028169014084507043 0.058333333333333334
0 0.4072769953051643 0.5614583333333333 0.018779342723004695 0.03125
0 0.4643075117370892 0.586 0.01717136150234742 0.029500000000000002
0 0.4587676056338028 0.5458333333333333 0.019730046948356807 0.034083333333333334
0 0.48 0.5299375000000001 0.016326291079812205 0.0401875
0 0.5164319248826291 0.5197916666666667 0.01643192488262911 0.035416666666666666
0 0.24354460093896713 0.22291666666666668 0.02464788732394366 0.05
0 0.2705399061032864 0.19791666666666666 0.01995305164319249 0.0375
0 0.517018779342723 0.6208333333333333 0.012910798122065728 0.03333333333333333
0 0.3744131455399061 0.13333333333333333 0.01643192488262911 0.0375
0 0.24237089201877934 0.184375 0.01995305164319249 0.03958333333333333
0 0.6185446009389671 0.8479166666666667 0.018779342723004695 0.029166666666666667
0 0.24002347417840375 0.011458333333333333 0.017605633802816902 0.022916666666666665
0 0.4583333333333333 0.315625 0.01995305164319249 0.03958333333333333
0 0.44883802816901414 0.49147916666666663 0.011830985915492958 0.04054166666666667
0 0.448943661971831 0.5005625 0.020387323943661974 0.023104166666666665
0 0.46612676056338026 0.48672916666666666 0.01568075117370892 0.031083333333333334
0 0.43923708920187793 0.46420833333333333 0.015903755868544603 0.026125
0 0.4651643192488263 0.44506249999999997 0.018673708920187795 0.0219375
0 0.5117370892018779 0.45 0.01643192488262911 0.0375
0 0.5129107981220657 0.6583333333333333 0.01643192488262911 0.029166666666666667
0 0.5246478873239436 0.3333333333333333 0.025821596244131457 0.058333333333333334
0 0.3104460093896714 0.27291666666666664 0.017605633802816902 0.03333333333333333
0 0.26467136150234744 0.228125 0.01995305164319249 0.035416666666666666
0 0.4812206572769953 0.6270833333333333 0.014084507042253521 0.058333333333333334
0 0.4096244131455399 0.3802083333333333 0.018779342723004695 0.05625
0 0.5598591549295775 0.596875 0.011737089201877934 0.027083333333333334
0 0.596830985915493 0.7625 0.012910798122065728 0.029166666666666667
0 0.4536384976525822 0.39791666666666664 0.022300469483568074 0.0375
0 0.6302816901408451 0.828125 0.01643192488262911 0.027083333333333334
0 0.4254694835680751 0.6260416666666667 0.015258215962441314 0.022916666666666665
0 0.4935446009389671 0.4791666666666667 0.017605633802816902 0.0375
0 0.42370892018779344 0.44166666666666665 0.01643192488262911 0.0375
0 0.5105633802816901 0.7791666666666667 0.011737089201877934 0.041666666666666664
0 0.3392018779342723 0.3729166666666667 0.01643192488262911 0.029166666666666667
0 0.4894366197183099 0.425 0.014084507042253521 0.025
0 0.43838028169014087 0.6052083333333333 0.012910798122065728 0.022916666666666665
0 0.3221830985915493 0.26145833333333335 0.017605633802816902 0.03125
0 0.5492957746478874 0.7416666666666667 0.025821596244131457 0.05
0 0.5149413145539906 0.7596458333333334 0.017077464788732396 0.04014583333333333
0 0.3163145539906103 0.2677083333333333 0.029342723004694836 0.04375
0 0.4671361502347418 0.37916666666666665 0.014084507042253521 0.029166666666666667
0 0.4565727699530516 0.6208333333333333 0.01643192488262911 0.029166666666666667
0 0.3732394366197183 0.36354166666666665 0.023474178403755867 0.04375
0 0.45539906103286387 0.6625 0.01643192488262911 0.041666666666666664
0 0.5874413145539906 0.7802083333333333 0.01995305164319249 0.035416666666666666
0 0.36795774647887325 0.35 0.03403755868544601 0.07083333333333333
0 0.29518779342723006 0.11979166666666667 0.012910798122065728 0.04375
0 0.5651408450704225 0.596875 0.01995305164319249 0.03125
0 0.6232394366197183 0.8385416666666666 0.03051643192488263 0.04791666666666667
0 0.45481220657276994 0.3104166666666667 0.012910798122065728 0.029166666666666667