0 0.7665727699530517 0.4875 0.03792253521126761 0.044708333333333336
0 0.7676408450704225 0.437875 0.02822769953051643 0.0454375
0 0.7776643192488264 0.4031875 0.02426056338028169 0.042874999999999996
0 0.7758450704225351 0.36264583333333333 0.033990610328638496 0.035166666666666666
0 0.8016431924882629 0.3104166666666667 0.023474178403755867 0.029166666666666667
0 0.8673708920187794 0.5739583333333333 0.035211267605633804 0.04375
0 0.7816901408450704 0.58125 0.025821596244131457 0.04583333333333333
0 0.9348591549295775 0.5010416666666667 0.03873239436619718 0.022916666666666665
0 0.9865023474178404 0.5458333333333333 0.02464788732394366 0.029166666666666667
0 0.6822769953051643 0.40660416666666666 0.04360328638497652 0.0473125
0 0.681924882629108 0.35520833333333335 0.03051643192488263 0.027083333333333334
0 0.8697183098591549 0.5354166666666667 0.023474178403755867 0.03333333333333333
0 0.9407276995305164 0.6145833333333334 0.045774647887323945 0.03333333333333333
0 0.9389671361502347 0.5333333333333333 0.04929577464788732 0.03333333333333333
0 0.7847065727699531 0.5263333333333333 0.03152582159624413 0.04658333333333333
0 0.7723004694835681 0.484375 0.018779342723004695 0.03125
0 0.9196009389671361 0.5291666666666667 0.03873239436619718 0.03333333333333333
0 0.9477699530516432 0.5822916666666667 0.04107981220657277 0.027083333333333334
0 0.988849765258216 0.571875 0.01995305164319249 0.027083333333333334
0 0.8054107981220657 0.45510416666666664 0.028532863849765257 0.03754166666666667
0 0.8125586854460093 0.4141666666666667 0.03771126760563381 0.043625000000000004