0 0.8339201877934272 0.7333333333333333 0.062206572769953054 0.09166666666666666
0 0.5880281690140845 0.42291666666666666 0.03755868544600939 0.04583333333333333
0 0.8949530516431925 0.6395833333333333 0.0715962441314554 0.04583333333333333
0 0.7599765258215962 0.7239583333333334 0.04812206572769953 0.07708333333333334
0 0.43309859154929575 0.7333333333333333 0.025821596244131457 0.1125
0 0.4841549295774648 0.6208333333333333 0.03873239436619718 0.04583333333333333
0 0.32922535211267606 0.44583333333333336 0.0528169014084507 0.05
0 0.590962441314554 0.6385416666666667 0.04812206572769953 0.10208333333333333
0 0.5082159624413145 0.7291666666666666 0.035211267605633804 0.0625
0 0.15199530516431925 0.7395833333333334 0.05985915492957746 0.07916666666666666
0 0.36561032863849763 0.5885416666666666 0.02464788732394366 0.052083333333333336
0 0.33215962441314556 0.7729166666666667 0.04225352112676056 0.058333333333333334
0 0.5475352112676056 0.3614583333333333 0.03873239436619718 0.04375
0 0.5299295774647887 0.30833333333333335 0.02699530516431925 0.05416666666666667
0 0.22593896713615025 0.7 0.05985915492957746 0.07916666666666666
0 0.2934272300469484 0.5458333333333333 0.04460093896713615 0.058333333333333334
0 0.17077464788732394 0.6385416666666667 0.05985915492957746 0.06041666666666667
0 0.04401408450704225 0.175 0.06924882629107981 0.07083333333333333
0 0.0892018779342723 0.7104166666666667 0.07042253521126761 0.05416666666666667
0 0.29401408450704225 0.6760416666666667 0.04342723004694836 0.08958333333333333
0 0.3538732394366197 0.6760416666666667 0.02699530516431925 0.05625
0 0.8186619718309859 0.6177083333333333 0.04107981220657277 0.04791666666666667
0 0.15845070422535212 0.30625 0.05868544600938967 0.06666666666666667
0 0.431924882629108 0.5145833333333333 0.023474178403755867 0.04583333333333333
0 0.5134976525821596 0.6604166666666667 0.03169014084507042 0.058333333333333334
0 0.22711267605633803 0.4395833333333333 0.06455399061032864 0.05416666666666667
0 0.10211267605633803 0.540625 0.056338028169014086 0.06458333333333334
0 0.22593896713615025 0.553125 0.04342723004694836 0.052083333333333336
0 0.16490610328638497 0.5697916666666667 0.03403755868544601 0.06041666666666667
0 0.1637323943661972 0.3625 0.04812206572769953 0.05416666666666667
0 0.24061032863849766 0.3885416666666667 0.04460093896713615 0.04791666666666667
0 0.29694835680751175 0.6958333333333333 0.03051643192488263 0.05
0 0.11795774647887323 0.6520833333333333 0.03873239436619718 0.07083333333333333
0 0.3204225352112676 0.6145833333333334 0.03051643192488263 0.07083333333333333
0 0.8057511737089202 0.653125 0.05516431924882629 0.05625
0 0.21948356807511737 0.5145833333333333 0.035211267605633804 0.041666666666666664
0 0.02761737089201878 0.5858333333333333 0.048403755868544604 0.0610625
0 0.03593896713615024 0.5252083333333333 0.05017605633802817 0.0450625
0 0.020997652582159625 0.5070208333333334 0.039448356807511735 0.05495833333333333
0 0.060586854460093896 0.44166666666666665 0.0661150234741784 0.052270833333333336
0 0.037863849765258216 0.4111666666666667 0.0688849765258216 0.052625000000000005
0 0.05868544600938967 0.36875 0.07981220657276995 0.04583333333333333
0 0.031103286384976527 0.29270833333333335 0.062206572769953054 0.04791666666666667
0 0.06279342723004695 0.6125 0.06690140845070422 0.05416666666666667
0 0.4724178403755869 0.565625 0.036384976525821594 0.04791666666666667
0 0.13025821596244133 0.480875 0.053086854460093896 0.04054166666666667
0 0.14615023474178404 0.4424166666666667 0.06396713615023474 0.0446875