0 0.0733568075117371 0.6645833333333333 0.06924882629107981 0.075
0 0.9413145539906104 0.4635416666666667 0.051643192488262914 0.07291666666666667
0 0.7916666666666666 0.7395833333333334 0.036384976525821594 0.05
0 0.5404929577464789 0.5125 0.029342723004694836 0.041666666666666664
0 0.6719483568075117 0.46041666666666664 0.02699530516431925 0.05416666666666667
0 0.8034037558685446 0.4270833333333333 0.05046948356807512 0.05416666666666667
0 0.6296948356807511 0.41354166666666664 0.03169014084507042 0.06458333333333334
0 0.9325117370892019 0.5416666666666666 0.05046948356807512 0.041666666666666664
0 0.7282863849765259 0.42916666666666664 0.036384976525821594 0.041666666666666664
0 0.5005868544600939 0.42604166666666665 0.036384976525821594 0.04375
0 0.7699530516431925 0.6145833333333334 0.04460093896713615 0.058333333333333334
0 0.4225352112676056 0.30104166666666665 0.035211267605633804 0.06041666666666667
0 0.6320422535211268 0.5416666666666666 0.04342723004694836 0.04583333333333333
0 0.7259389671361502 0.38333333333333336 0.045774647887323945 0.05416666666666667
0 0.8884976525821596 0.5645833333333333 0.056338028169014086 0.05416666666666667
0 0.6672535211267606 0.5854166666666667 0.036384976525821594 0.041666666666666664
0 0.8145539906103286 0.584375 0.046948356807511735 0.05625
0 0.8556338028169014 0.6583333333333333 0.06103286384976526 0.05416666666666667
0 0.755868544600939 0.7 0.04929577464788732 0.06666666666666667
0 0.8339201877934272 0.51875 0.05516431924882629 0.04583333333333333
0 0.8914319248826291 0.6239583333333333 0.05516431924882629 0.04375
0 0.9289906103286385 0.425 0.04342723004694836 0.05416666666666667
0 0.7546948356807511 0.6520833333333333 0.035211267605633804 0.0375
0 0.03403755868544601 0.5729166666666666 0.06807511737089202 0.08333333333333333
0 0.7764084507042254 0.5322916666666667 0.05516431924882629 0.04375
0 0.931924882629108 0.6645833333333333 0.04225352112676056 0.05
0 0.9747652582159625 0.6885416666666667 0.04812206572769953 0.06458333333333334
0 0.8509389671361502 0.47291666666666665 0.04929577464788732 0.07083333333333333
0 0.7012910798122066 0.6010416666666667 0.029342723004694836 0.04375