0 0.13556338028169015 0.48020833333333335 0.0528169014084507 0.04791666666666667
0 0.10974178403755869 0.30833333333333335 0.05985915492957746 0.05
0 0.04225352112676056 0.6479166666666667 0.06103286384976526 0.0625
0 0.7206572769953051 0.42604166666666665 0.03990610328638498 0.04791666666666667
0 0.3245305164319249 0.3375 0.02699530516431925 0.041666666666666664
0 0.42664319248826293 0.403125 0.03169014084507042 0.05625
0 0.5504694835680751 0.415625 0.025821596244131457 0.04791666666666667
0 0.323943661971831 0.39479166666666665 0.035211267605633804 0.04791666666666667
0 0.47593896713615025 0.4125 0.03403755868544601 0.04583333333333333
0 0.25821596244131456 0.39791666666666664 0.04225352112676056 0.0625
0 0.29988262910798125 0.19375 0.036384976525821594 0.07916666666666666
0 0.431924882629108 0.5104166666666666 0.023474178403755867 0.04583333333333333
0 0.4646244131455399 0.5873541666666667 0.03681924882629108 0.08302083333333334
0 0.5146713615023474 0.6 0.02699530516431925 0.05
0 0.4518779342723005 0.6447916666666667 0.023474178403755867 0.04791666666666667
0 0.022300469483568074 0.36875 0.04460093896713615 0.0375
0 0.7235915492957746 0.4864583333333333 0.03873239436619718 0.04791666666666667
0 0.5258215962441315 0.46875 0.028169014084507043 0.05416666666666667
0 0.6255868544600939 0.375 0.03755868544600939 0.05
0 0.5275821596244131 0.5541666666666667 0.02699530516431925 0.04583333333333333
0 0.28169014084507044 0.6802083333333333 0.04225352112676056 0.08125
0 0.625 0.4239583333333333 0.04342723004694836 0.05625
0 0.5745305164319249 0.4875 0.03873239436619718 0.05
0 0.0880281690140845 0.56875 0.07746478873239436 0.06666666666666667
0 0.57981220657277 0.56875 0.025821596244131457 0.041666666666666664
0 0.36795774647887325 0.45416666666666666 0.03403755868544601 0.05416666666666667
0 0.6179577464788732 0.5635416666666667 0.02464788732394366 0.04791666666666667
0 0.47476525821596244 0.50625 0.029342723004694836 0.05
0 0.10035211267605634 0.5552083333333333 0.0528169014084507 0.03958333333333333
0 0.6924882629107981 0.3229166666666667 0.04929577464788732 0.058333333333333334
0 0.6860328638497653 0.475 0.03873239436619718 0.0375
0 0.3685446009389671 0.5041666666666667 0.023474178403755867 0.03333333333333333
0 0.6120892018779343 0.51875 0.02699530516431925 0.04583333333333333
0 0.45305164319248825 0.46458333333333335 0.03990610328638498 0.041666666666666664
0 0.2857981220657277 0.71875 0.04342723004694836 0.0625
0 0.301056338028169 0.46979166666666666 0.04107981220657277 0.04375
0 0.3174882629107981 0.5125 0.062206572769953054 0.04583333333333333