0 0.5933098591549296 0.4125 0.03873239436619718 0.07083333333333333
0 0.3767605633802817 0.3 0.051643192488262914 0.058333333333333334
0 0.09976525821596244 0.6645833333333333 0.06807511737089202 0.07083333333333333
0 0.5041079812206573 0.5 0.029342723004694836 0.0375
0 0.7605633802816901 0.7375 0.03286384976525822 0.04583333333333333
0 0.9571596244131455 0.646875 0.05985915492957746 0.10625
0 0.8245305164319249 0.6510416666666666 0.05985915492957746 0.05625
0 0.7423708920187794 0.603125 0.036384976525821594 0.04375
0 0.9055164319248826 0.41458333333333336 0.0528169014084507 0.05416666666666667
0 0.6971830985915493 0.37604166666666666 0.03286384976525822 0.05625
0 0.7705399061032864 0.42604166666666665 0.04812206572769953 0.052083333333333336
0 0.9125586854460094 0.4666666666666667 0.057511737089201875 0.058333333333333334
0 0.823943661971831 0.4552083333333333 0.046948356807511735 0.04375
0 0.6073943661971831 0.534375 0.02464788732394366 0.052083333333333336
0 0.6431924882629108 0.4625 0.025821596244131457 0.0625
0 0.6960093896713615 0.425 0.03286384976525822 0.04583333333333333
0 0.6514084507042254 0.5875 0.06338028169014084 0.058333333333333334
0 0.4653755868544601 0.42916666666666664 0.045774647887323945 0.041666666666666664
0 0.7359154929577465 0.678125 0.03051643192488263 0.08958333333333333
0 0.8544600938967136 0.5520833333333334 0.0539906103286385 0.05
0 0.8984741784037559 0.6572916666666667 0.04812206572769953 0.04375
0 0.03403755868544601 0.578125 0.06807511737089202 0.09375
0 0.7822769953051644 0.5739583333333333 0.045774647887323945 0.052083333333333336
0 0.8110328638497653 0.50625 0.06572769953051644 0.07083333333333333
0 0.8961267605633803 0.5270833333333333 0.0528169014084507 0.04583333333333333
0 0.7576291079812206 0.534375 0.03873239436619718 0.04375
0 0.8585680751173709 0.6104166666666667 0.05985915492957746 0.05416666666666667
0 0.9583333333333334 0.675 0.05516431924882629 0.05