0 0.4465962441314554 0.3 0.015258215962441314 0.05
0 0.5774647887323944 0.61875 0.02112676056338028 0.0375
0 0.5017605633802817 0.28229166666666666 0.02464788732394366 0.052083333333333336
0 0.3996478873239437 0.5375 0.017605633802816902 0.0375
0 0.3573943661971831 0.184375 0.01995305164319249 0.04375
0 0.5483333333333333 0.4754791666666666 0.0192018779342723 0.0384375
0 0.2282863849765258 0.20416666666666666 0.017605633802816902 0.041666666666666664
0 0.36619718309859156 0.115625 0.01643192488262911 0.04375
0 0.31514084507042256 0.24479166666666666 0.017605633802816902 0.04791666666666667
0 0.12910798122065728 0.48020833333333335 0.025821596244131457 0.05625
0 0.33274647887323944 0.3645833333333333 0.022300469483568074 0.04583333333333333
0 0.2300469483568075 0.16354166666666667 0.018779342723004695 0.03958333333333333
0 0.5199530516431925 0.5447916666666667 0.014084507042253521 0.04375
0 0.301056338028169 0.25729166666666664 0.022300469483568074 0.04791666666666667
0 0.37734741784037557 0.171875 0.01995305164319249 0.03958333333333333
0 0.2505868544600939 0.021875 0.022300469483568074 0.04375
0 0.4460093896713615 0.6416666666666667 0.01643192488262911 0.0375
0 0.2640845070422535 0.016666666666666666 0.018779342723004695 0.03333333333333333
0 0.4154929577464789 0.39166666666666666 0.023474178403755867 0.041666666666666664
0 0.48826291079812206 0.55 0.014084507042253521 0.03333333333333333
0 0.41784037558685444 0.5989583333333334 0.01643192488262911 0.027083333333333334
0 0.40082159624413144 0.35833333333333334 0.012910798122065728 0.029166666666666667
0 0.49589201877934275 0.64375 0.02464788732394366 0.0625
0 0.5686619718309859 0.75625 0.01056338028169014 0.020833333333333332
0 0.3855633802816901 0.4041666666666667 0.01995305164319249 0.04583333333333333
0 0.25880281690140844 0.18020833333333333 0.01995305164319249 0.035416666666666666
0 0.6349765258215962 0.865625 0.03051643192488263 0.04375
0 0.4307511737089202 0.465625 0.01643192488262911 0.035416666666666666
0 0.6038732394366197 0.7958333333333333 0.029342723004694836 0.05416666666666667
0 0.3685446009389671 0.415625 0.018779342723004695 0.03958333333333333
0 0.5011737089201878 0.4947916666666667 0.014084507042253521 0.027083333333333334
0 0.47183098591549294 0.503125 0.01643192488262911 0.035416666666666666
0 0.25410798122065725 0.2 0.01995305164319249 0.05416666666666667
0 0.5211267605633803 0.46770833333333334 0.014084507042253521 0.03125
0 0.49765258215962443 0.7458333333333333 0.018779342723004695 0.06666666666666667
0 0.4782863849765258 0.4 0.012910798122065728 0.029166666666666667
0 0.5264084507042254 0.684375 0.015258215962441314 0.022916666666666665
0 0.4677230046948357 0.425 0.015258215962441314 0.04583333333333333
0 0.5539906103286385 0.490625 0.014084507042253521 0.03958333333333333
0 0.49765258215962443 0.44895833333333335 0.018779342723004695 0.03125
0 0.3967136150234742 0.45625 0.01643192488262911 0.029166666666666667
0 0.34976525821596244 0.3125 0.014084507042253521 0.03333333333333333
0 0.4295774647887324 0.578125 0.014084507042253521 0.022916666666666665
0 0.4677230046948357 0.5645833333333333 0.01995305164319249 0.041666666666666664
0 0.5023474178403756 0.728125 0.009389671361502348 0.03125
0 0.44835680751173707 0.5979166666666667 0.018779342723004695 0.041666666666666664
0 0.5586267605633802 0.775375 0.018673708920187795 0.04089583333333333
0 0.36561032863849763 0.3416666666666667 0.022300469483568074 0.041666666666666664
0 0.2992957746478873 0.13541666666666666 0.014084507042253521 0.0375
0 0.3902582159624413 0.9052083333333333 0.01056338028169014 0.01875
0 0.5269953051643192 0.6375 0.01643192488262911 0.041666666666666664