0 0.39436619718309857 0.5197916666666667 0.03755868544600939 0.05625
0 0.340962441314554 0.7322916666666667 0.06690140845070422 0.07291666666666667
0 0.2476525821596244 0.78125 0.03990610328638498 0.08333333333333333
0 0.42018779342723006 0.709375 0.023474178403755867 0.04791666666666667
0 0.47124413145539906 0.5583333333333333 0.022300469483568074 0.05416666666666667
0 0.18427230046948356 0.7552083333333334 0.051643192488262914 0.06458333333333334
0 0.4448356807511737 0.7864583333333334 0.04225352112676056 0.052083333333333336
0 0.6426056338028169 0.7208333333333333 0.03169014084507042 0.058333333333333334
0 0.26467136150234744 0.6322916666666667 0.04812206572769953 0.04791666666666667
0 0.2711267605633803 0.5791666666666667 0.03286384976525822 0.0625
0 0.21889671361502347 0.421875 0.04812206572769953 0.052083333333333336
0 0.15082159624413147 0.36354166666666665 0.062206572769953054 0.04791666666666667
0 0.05268779342723005 0.42252083333333335 0.06867370892018779 0.04883333333333333
0 0.06514084507042253 0.353125 0.06924882629107981 0.05625
0 0.5487089201877934 0.496875 0.02464788732394366 0.04375
0 0.19190140845070422 0.5604166666666667 0.04107981220657277 0.058333333333333334
0 0.1437793427230047 0.42083333333333334 0.07629107981220658 0.05
0 0.6936619718309859 0.46041666666666664 0.03286384976525822 0.04583333333333333
0 0.5469483568075117 0.7760416666666666 0.023474178403755867 0.052083333333333336
0 0.21713615023474178 0.6854166666666667 0.03990610328638498 0.058333333333333334
0 0.7206572769953051 0.675 0.04460093896713615 0.07083333333333333
0 0.4706572769953052 0.671875 0.03286384976525822 0.05625
0 0.3315727699530516 0.5479166666666667 0.045774647887323945 0.05416666666666667
0 0.6203051643192489 0.640625 0.029342723004694836 0.052083333333333336
0 0.43309859154929575 0.5947916666666667 0.025821596244131457 0.07291666666666667
0 0.04929577464788732 0.29583333333333334 0.056338028169014086 0.058333333333333334
0 0.4043427230046948 0.6625 0.03873239436619718 0.058333333333333334
0 0.8926056338028169 0.7333333333333333 0.05985915492957746 0.05416666666666667
0 0.15610328638497653 0.6416666666666667 0.0539906103286385 0.05416666666666667
0 0.5504694835680751 0.73125 0.025821596244131457 0.0625
0 0.32629107981220656 0.5 0.04225352112676056 0.058333333333333334
0 0.6596244131455399 0.378125 0.03286384976525822 0.04791666666666667
0 0.5730281690140845 0.5640416666666667 0.0402112676056338 0.04777083333333333
0 0.5935211267605633 0.5948958333333334 0.02977699530516432 0.053375
0 0.12823943661971832 0.5681875000000001 0.04485915492957746 0.057562499999999996
0 0.12673708920187793 0.5127083333333333 0.06738262910798122 0.06252083333333333
0 0.08032863849765258 0.6680208333333333 0.05316901408450704 0.06620833333333334
0 0.0944131455399061 0.597375 0.07230046948356808 0.0599375
0 0.03262910798122066 0.6013541666666666 0.05416666666666666 0.058020833333333334
0 0.05717136150234742 0.5263333333333333 0.056302816901408446 0.04435416666666667
0 0.03285211267605634 0.45358333333333334 0.060575117370892016 0.04733333333333333
0 0.6363028169014084 0.33177083333333335 0.03657276995305164 0.060520833333333336
0 0.7072417840375588 0.6072291666666667 0.03976525821596245 0.058416666666666665
0 0.9316197183098591 0.6635000000000001 0.05188967136150235 0.06110416666666666
0 0.9376995305164318 0.6051458333333334 0.039718309859154935 0.050458333333333334