0 0.6789906103286385 0.496875 0.04342723004694836 0.10625
0 0.5217136150234741 0.7385416666666667 0.04342723004694836 0.06041666666666667
0 0.5727699530516432 0.509375 0.035211267605633804 0.06875
0 0.7147887323943662 0.715625 0.03755868544600939 0.07708333333333334
0 0.778169014084507 0.7770833333333333 0.0539906103286385 0.0625
0 0.058098591549295774 0.5114583333333333 0.06924882629107981 0.04375
0 0.3585680751173709 0.6947916666666667 0.02464788732394366 0.052083333333333336
0 0.5751173708920188 0.578125 0.07511737089201878 0.052083333333333336
0 0.6572769953051644 0.7114583333333333 0.04460093896713615 0.05625
0 0.3761737089201878 0.4864583333333333 0.03873239436619718 0.03958333333333333
0 0.8201525821596244 0.9244375 0.0715962441314554 0.15
0 0.4994131455399061 0.5979166666666667 0.03403755868544601 0.058333333333333334
0 0.5897887323943662 0.68125 0.02464788732394366 0.0625
0 0.8550469483568075 0.66875 0.05516431924882629 0.06666666666666667
0 0.8045774647887324 0.6635416666666667 0.05046948356807512 0.04375
0 0.7752347417840375 0.7052083333333333 0.05046948356807512 0.06041666666666667
0 0.9383802816901409 0.521875 0.05046948356807512 0.06041666666666667
0 0.8943661971830986 0.565625 0.0539906103286385 0.06458333333333334
0 0.8597417840375586 0.7958333333333333 0.057511737089201875 0.07916666666666666
0 0.8515258215962441 0.775 0.04107981220657277 0.041666666666666664
0 0.602112676056338 0.7666666666666667 0.04225352112676056 0.05416666666666667
0 0.8896713615023474 0.5229166666666667 0.051643192488262914 0.06666666666666667
0 0.6115023474178404 0.8625 0.025821596244131457 0.05
0 0.3392018779342723 0.6520833333333333 0.03755868544600939 0.06666666666666667
0 0.6144366197183099 0.8375 0.04107981220657277 0.1
0 0.3221830985915493 0.5895833333333333 0.022300469483568074 0.03333333333333333
0 0.36678403755868544 0.43333333333333335 0.04812206572769953 0.0625
0 0.5293427230046949 0.6541666666666667 0.023474178403755867 0.05416666666666667
0 0.9266431924882629 0.740625 0.04812206572769953 0.052083333333333336
0 0.9653755868544601 0.6791666666666667 0.06690140845070422 0.07916666666666666
0 0.04636150234741784 0.575 0.03873239436619718 0.06666666666666667
0 0.9753521126760564 0.47708333333333336 0.046948356807511735 0.041666666666666664
0 0.017018779342723004 0.6291666666666667 0.03403755868544601 0.041666666666666664
0 0.36795774647887325 0.44895833333333335 0.04342723004694836 0.035416666666666666
0 0.3274647887323944 0.5989583333333334 0.03286384976525822 0.052083333333333336
0 0.013497652582159625 0.5489583333333333 0.02699530516431925 0.03958333333333333
0 0.9900234741784038 0.5666666666666667 0.017605633802816902 0.020833333333333332