0 0.7658450704225352 0.20208333333333334 0.036384976525821594 0.05
0 0.16666666666666666 0.840625 0.03286384976525822 0.06041666666666667
0 0.5328638497652582 0.4083333333333333 0.02112676056338028 0.07916666666666666
0 0.7969483568075117 0.221875 0.02112676056338028 0.035416666666666666
0 0.710093896713615 0.3802083333333333 0.028169014084507043 0.03958333333333333
0 0.47124413145539906 0.43020833333333336 0.03403755868544601 0.09375
0 0.7746478873239436 0.284375 0.03755868544600939 0.04375
0 0.8714788732394366 0.15104166666666666 0.04342723004694836 0.035416666666666666
0 0.08157276995305164 0.9739583333333334 0.02699530516431925 0.04791666666666667
0 0.06279342723004695 0.7385416666666667 0.03873239436619718 0.052083333333333336
0 0.6044600938967136 0.31979166666666664 0.023474178403755867 0.06041666666666667
0 0.13791079812206572 0.9791666666666666 0.029342723004694836 0.0375
0 0.6948356807511737 0.3333333333333333 0.018779342723004695 0.029166666666666667
0 0.5234741784037559 0.34479166666666666 0.018779342723004695 0.035416666666666666
0 0.6678403755868545 0.46875 0.025821596244131457 0.058333333333333334
0 0.590962441314554 0.265625 0.022300469483568074 0.04375
0 0.6238262910798122 0.378125 0.02699530516431925 0.03125
0 0.6150234741784038 0.35104166666666664 0.023474178403755867 0.04791666666666667
0 0.8362676056338029 0.19270833333333334 0.02699530516431925 0.035416666666666666
0 0.465962441314554 0.40520833333333334 0.023474178403755867 0.04375
0 0.5275821596244131 0.359375 0.02699530516431925 0.06458333333333334
0 0.477112676056338 0.4583333333333333 0.02464788732394366 0.04583333333333333
0 0.5557511737089202 0.2635416666666667 0.02464788732394366 0.052083333333333336
0 0.8744131455399061 0.184375 0.035211267605633804 0.035416666666666666
0 0.6584507042253521 0.43333333333333335 0.025821596244131457 0.058333333333333334
0 0.835093896713615 0.209375 0.029342723004694836 0.06875
0 0.6883802816901409 0.34270833333333334 0.03169014084507042 0.04791666666666667
0 0.01584507042253521 0.9239583333333333 0.03169014084507042 0.06041666666666667
0 0.04636150234741784 0.965625 0.04107981220657277 0.06458333333333334
0 0.7887323943661971 0.23020833333333332 0.03755868544600939 0.052083333333333336
0 0.8368544600938967 0.23333333333333334 0.03286384976525822 0.041666666666666664
0 0.5598591549295775 0.25625 0.01643192488262911 0.0375