0 0.7541079812206573 0.38645833333333335 0.04107981220657277 0.06041666666666667
0 0.22065727699530516 0.684375 0.04225352112676056 0.06875
0 0.5868544600938967 0.384375 0.03755868544600939 0.03958333333333333
0 0.4284037558685446 0.384375 0.04225352112676056 0.06041666666666667
0 0.17194835680751175 0.31666666666666665 0.04812206572769953 0.04583333333333333
0 0.5134976525821596 0.41875 0.04107981220657277 0.05416666666666667
0 0.22065727699530516 0.5114583333333333 0.04460093896713615 0.07708333333333334
0 0.20539906103286384 0.39895833333333336 0.0539906103286385 0.03958333333333333
0 0.5064553990610329 0.36041666666666666 0.04107981220657277 0.05
0 0.5974178403755869 0.4583333333333333 0.035211267605633804 0.04583333333333333
0 0.2992957746478873 0.6833333333333333 0.04929577464788732 0.06666666666666667
0 0.48826291079812206 0.5385416666666667 0.03990610328638498 0.09375
0 0.4014084507042254 0.7239583333333334 0.0539906103286385 0.11875
0 0.43838028169014087 0.4625 0.036384976525821594 0.05
0 0.3586854460093897 0.4805 0.040457746478873235 0.035979166666666666
0 0.36113849765258216 0.43522916666666667 0.030434272300469484 0.07802083333333334
0 0.397887323943662 0.42291666666666666 0.03755868544600939 0.04583333333333333
0 0.3057511737089202 0.5166666666666667 0.03873239436619718 0.04583333333333333
0 0.562206572769953 0.4552083333333333 0.03755868544600939 0.035416666666666666
0 0.022887323943661973 0.421875 0.045774647887323945 0.04791666666666667
0 0.1255868544600939 0.39479166666666665 0.0539906103286385 0.05625
0 0.318075117370892 0.38958333333333334 0.03755868544600939 0.05
0 0.13145539906103287 0.6104166666666667 0.035211267605633804 0.05
0 0.02523474178403756 0.4739583333333333 0.05046948356807512 0.052083333333333336
0 0.07570422535211267 0.521875 0.0715962441314554 0.04791666666666667
0 0.13028169014084506 0.6708333333333333 0.046948356807511735 0.08333333333333333
0 0.3264671361502347 0.645875 0.03150234741784037 0.04479166666666667
0 0.34507042253521125 0.56875 0.03051643192488263 0.05416666666666667
0 0.9113849765258216 0.653125 0.05516431924882629 0.06041666666666667
0 0.2805164319248826 0.4875 0.03990610328638498 0.05
0 0.06748826291079812 0.60625 0.06924882629107981 0.04583333333333333
0 0.029342723004694836 0.665625 0.04929577464788732 0.052083333333333336
0 0.10622065727699531 0.32083333333333336 0.06455399061032864 0.0625
0 0.3931924882629108 0.5395833333333333 0.035211267605633804 0.05
0 0.44190140845070425 0.54375 0.02699530516431925 0.058333333333333334
0 0.1795774647887324 0.4739583333333333 0.06807511737089202 0.052083333333333336
0 0.3499413145539906 0.5213958333333334 0.030809859154929578 0.03370833333333333
0 0.4014084507042254 0.4875 0.035211267605633804 0.05416666666666667
0 0.16901408450704225 0.43125 0.046948356807511735 0.05
0 0.3362676056338028 0.4322916666666667 0.04812206572769953 0.04375
0 0.13086854460093897 0.6927083333333334 0.045774647887323945 0.03958333333333333
0 0.48826291079812206 0.5145833333333333 0.03755868544600939 0.04583333333333333