0 0.5211267605633803 0.153125 0.023474178403755867 0.052083333333333336
0 0.38497652582159625 0.5010416666666667 0.028169014084507043 0.06458333333333334
0 0.6684272300469484 0.32083333333333336 0.036384976525821594 0.0625
0 0.44366197183098594 0.4947916666666667 0.02112676056338028 0.04375
0 0.6426056338028169 0.35208333333333336 0.02464788732394366 0.0625
0 0.5146713615023474 0.5177083333333333 0.029342723004694836 0.04375
0 0.48532863849765256 0.9239583333333333 0.03169014084507042 0.10208333333333333
0 0.5117370892018779 0.6645833333333333 0.023474178403755867 0.06666666666666667
0 0.7007042253521126 0.04479166666666667 0.03755868544600939 0.08958333333333333
0 0.26936619718309857 0.9385416666666667 0.03873239436619718 0.08541666666666667
0 0.8303990610328639 0.3125 0.03873239436619718 0.058333333333333334
0 0.4694835680751174 0.9822916666666667 0.025821596244131457 0.03125
0 0.5140845070422535 0.2989583333333333 0.025821596244131457 0.04791666666666667
0 0.4800469483568075 0.6760416666666667 0.025821596244131457 0.07708333333333334
0 0.49178403755868544 0.4864583333333333 0.025821596244131457 0.03958333333333333
0 0.36326291079812206 0.6916666666666667 0.03169014084507042 0.06666666666666667
0 0.36913145539906106 0.8427083333333333 0.02699530516431925 0.06875
0 0.534037558685446 0.809375 0.018779342723004695 0.04375
0 0.539906103286385 0.32708333333333334 0.025821596244131457 0.04583333333333333
0 0.36561032863849763 0.934375 0.02699530516431925 0.07291666666666667
0 0.4477699530516432 0.36666666666666664 0.017605633802816902 0.041666666666666664
0 0.45129107981220656 0.35833333333333334 0.02699530516431925 0.058333333333333334
0 0.3057511737089202 0.9416666666666667 0.02699530516431925 0.075
0 0.5005868544600939 0.7541666666666667 0.017605633802816902 0.04583333333333333
0 0.3937793427230047 0.8822916666666667 0.029342723004694836 0.06875
0 0.32122065727699534 0.9518125000000001 0.02892018779342723 0.058875000000000004
0 0.4301643192488263 0.33958333333333335 0.02464788732394366 0.07083333333333333
0 0.5592723004694836 0.84375 0.029342723004694836 0.05416666666666667
0 0.42194835680751175 0.8291666666666667 0.02464788732394366 0.07083333333333333
0 0.5176056338028169 0.759375 0.02112676056338028 0.05625
0 0.7030516431924883 0.01875 0.03286384976525822 0.0375
0 0.47124413145539906 0.7322916666666667 0.03169014084507042 0.06041666666666667
0 0.5305164319248826 0.31354166666666666 0.04225352112676056 0.052083333333333336