0 0.5780516431924883 0.590625 0.02464788732394366 0.05625
0 0.09683098591549295 0.4635416666666667 0.045774647887323945 0.04375
0 0.3268779342723005 0.46458333333333335 0.03169014084507042 0.04583333333333333
0 0.2353286384976526 0.45625 0.03403755868544601 0.041666666666666664
0 0.18544600938967137 0.48125 0.0539906103286385 0.041666666666666664
0 0.9219483568075117 0.9322916666666666 0.02464788732394366 0.04791666666666667
0 0.5346244131455399 0.509375 0.036384976525821594 0.04791666666666667
0 0.13086854460093897 0.5791666666666667 0.06924882629107981 0.05
0 0.8855633802816901 0.665625 0.04812206572769953 0.035416666666666666
0 0.2881455399061033 0.40520833333333334 0.036384976525821594 0.052083333333333336
0 0.036384976525821594 0.8916666666666667 0.06103286384976526 0.0875
0 0.7564553990610329 0.346875 0.03873239436619718 0.05625
0 0.8303990610328639 0.4625 0.0528169014084507 0.05416666666666667
0 0.9219483568075117 0.7541666666666667 0.057511737089201875 0.04583333333333333
0 0.4272300469483568 0.35104166666666664 0.035211267605633804 0.05625
0 0.284037558685446 0.5395833333333333 0.035211267605633804 0.04583333333333333
0 0.7711267605633803 0.5395833333333333 0.04929577464788732 0.04583333333333333
0 0.4087206572769953 0.5984999999999999 0.03231220657276995 0.08785416666666666
0 0.4630281690140845 0.6083333333333333 0.02464788732394366 0.05416666666666667
0 0.6954225352112676 0.5197916666666667 0.02699530516431925 0.03958333333333333
0 0.30245305164319247 0.6161458333333333 0.04537558685446009 0.06485416666666667
0 0.33039906103286387 0.54375 0.03169014084507042 0.04583333333333333
0 0.9853286384976526 0.46041666666666664 0.02699530516431925 0.04583333333333333
0 0.5193661971830986 0.43854166666666666 0.03403755868544601 0.04375
0 0.4677230046948357 0.42916666666666664 0.04107981220657277 0.058333333333333334
0 0.6550821596244132 0.4607708333333333 0.036830985915492956 0.0640625
0 0.6515492957746479 0.40697916666666667 0.03508215962441315 0.05564583333333333
0 0.6784389671361502 0.3723125 0.0290962441314554 0.0734375
0 0.7312206572769953 0.30625 0.035211267605633804 0.058333333333333334
0 0.375 0.6541666666666667 0.022300469483568074 0.041666666666666664
0 0.4706572769953052 0.5447916666666667 0.035211267605633804 0.03958333333333333
0 0.704225352112676 0.6197916666666666 0.028169014084507043 0.03125
0 0.10093896713615023 0.5291666666666667 0.03755868544600939 0.0375
0 0.8873239436619719 0.5322916666666667 0.04460093896713615 0.04375
0 0.4307511737089202 0.4979166666666667 0.03755868544600939 0.058333333333333334
0 0.9160798122065728 0.5927083333333333 0.04812206572769953 0.04791666666666667
0 0.7429577464788732 0.5885416666666666 0.04225352112676056 0.03958333333333333
0 0.829225352112676 0.5625 0.0528169014084507 0.04583333333333333
0 0.9882629107981221 0.6208333333333333 0.02112676056338028 0.0375
0 0.3573943661971831 0.615625 0.02464788732394366 0.04791666666666667
0 0.007042253521126761 0.3875 0.014084507042253521 0.04583333333333333