0 0.3755868544600939 0.7645833333333333 0.03051643192488263 0.0625
0 0.9747652582159625 0.40729166666666666 0.04812206572769953 0.04375
0 0.8532863849765259 0.41458333333333336 0.0539906103286385 0.041666666666666664
0 0.869131455399061 0.546875 0.062206572769953054 0.052083333333333336
0 0.11678403755868545 0.6604166666666667 0.07394366197183098 0.05
0 0.44072769953051644 0.8197916666666667 0.036384976525821594 0.06041666666666667
0 0.8198356807511737 0.6302083333333334 0.045774647887323945 0.06458333333333334
0 0.5757042253521126 0.51875 0.022300469483568074 0.05416666666666667
0 0.1238262910798122 0.5572916666666666 0.05046948356807512 0.052083333333333336
0 0.18485915492957747 0.49375 0.06455399061032864 0.058333333333333334
0 0.04929577464788732 0.41875 0.09154929577464789 0.05416666666666667
0 0.653755868544601 0.55 0.03051643192488263 0.058333333333333334
0 0.30809859154929575 0.6739583333333333 0.036384976525821594 0.052083333333333336
0 0.8151408450704225 0.36875 0.05516431924882629 0.05
0 0.4442488262910798 0.6666666666666666 0.02464788732394366 0.05
0 0.9289906103286385 0.6989583333333333 0.05985915492957746 0.06875
0 0.7629107981220657 0.7645833333333333 0.03990610328638498 0.058333333333333334
0 0.5234741784037559 0.746875 0.035211267605633804 0.06041666666666667
0 0.7775821596244131 0.7177083333333333 0.05046948356807512 0.06041666666666667
0 0.4465962441314554 0.7864583333333334 0.03403755868544601 0.03958333333333333
0 0.4671361502347418 0.60625 0.02112676056338028 0.0625
0 0.6437793427230047 0.7614583333333333 0.03403755868544601 0.06041666666666667
0 0.29401408450704225 0.5510416666666667 0.029342723004694836 0.04375
0 0.8550469483568075 0.703125 0.0528169014084507 0.06458333333333334
0 0.8996478873239436 0.6427083333333333 0.03403755868544601 0.03958333333333333
0 0.19072769953051644 0.6114583333333333 0.05046948356807512 0.04375
0 0.511150234741784 0.5447083333333332 0.03595070422535211 0.06216666666666667
0 0.5164319248826291 0.478125 0.03051643192488263 0.05625
0 0.025821596244131457 0.37916666666666665 0.051643192488262914 0.04583333333333333
0 0.2505868544600939 0.70625 0.0528169014084507 0.05
0 0.301056338028169 0.4979166666666667 0.03873239436619718 0.05416666666666667
0 0.7464788732394366 0.4739583333333333 0.03755868544600939 0.04791666666666667
0 0.409037558685446 0.6927083333333334 0.03403755868544601 0.06041666666666667
0 0.5475352112676056 0.725 0.04342723004694836 0.05416666666666667
0 0.2007042253521127 0.5510416666666667 0.08685446009389672 0.04791666666666667
0 0.2546948356807512 0.6302083333333334 0.04929577464788732 0.06041666666666667
0 0.7447183098591549 0.540625 0.045774647887323945 0.052083333333333336
0 0.6065258215962441 0.6746875 0.05172535211267606 0.08725000000000001
0 0.6431924882629108 0.6145833333333334 0.023474178403755867 0.07083333333333333
0 0.6654929577464789 0.6833333333333333 0.03755868544600939 0.058333333333333334
0 0.19131455399061034 0.753125 0.04929577464788732 0.052083333333333336
0 0.36384976525821594 0.5885416666666666 0.02112676056338028 0.05625
0 0.7617370892018779 0.5916666666666667 0.04460093896713615 0.05