0 0.2981220657276995 0.9125 0.03990610328638498 0.075
0 0.6619718309859155 0.14791666666666667 0.03051643192488263 0.05416666666666667
0 0.5980046948356808 0.721875 0.029342723004694836 0.04791666666666667
0 0.5146713615023474 0.9104166666666667 0.02699530516431925 0.0625
0 0.34683098591549294 0.8614583333333333 0.045774647887323945 0.10208333333333333
0 0.6860328638497653 0.15 0.03403755868544601 0.08333333333333333
0 0.4325117370892019 0.5958333333333333 0.01995305164319249 0.04583333333333333
0 0.3908450704225352 0.4083333333333333 0.03051643192488263 0.05
0 0.42018779342723006 0.44375 0.02112676056338028 0.06666666666666667
0 0.48063380281690143 0.7510416666666667 0.029342723004694836 0.06875
0 0.44366197183098594 0.4708333333333333 0.025821596244131457 0.04583333333333333
0 0.38497652582159625 0.6166666666666667 0.025821596244131457 0.05
0 0.37734741784037557 0.9614583333333333 0.02699530516431925 0.07291666666666667
0 0.517018779342723 0.4 0.022300469483568074 0.05
0 0.5440140845070423 0.8395833333333333 0.02699530516431925 0.04583333333333333
0 0.5088028169014085 0.7458333333333333 0.02464788732394366 0.0625
0 0.49119718309859156 0.39166666666666666 0.02699530516431925 0.05416666666666667
0 0.4624413145539906 0.3177083333333333 0.03051643192488263 0.03958333333333333
0 0.47183098591549294 0.8197916666666667 0.035211267605633804 0.06458333333333334
0 0.36384976525821594 0.6125 0.018779342723004695 0.041666666666666664
0 0.5035211267605634 0.8291666666666667 0.025821596244131457 0.0625
0 0.5715962441314554 0.6958333333333333 0.018779342723004695 0.03333333333333333
0 0.4818075117370892 0.571875 0.02464788732394366 0.06041666666666667
0 0.460093896713615 0.321875 0.011737089201877934 0.03125
0 0.8131103286384976 0.3355208333333334 0.03382629107981221 0.06458333333333334
0 0.41288732394366195 0.9247291666666667 0.02721830985915493 0.07220833333333333
0 0.4301643192488263 0.909375 0.02699530516431925 0.08125
0 0.4935446009389671 0.609375 0.02699530516431925 0.052083333333333336
0 0.9929577464788732 0.5979166666666667 0.011737089201877934 0.09583333333333334
0 0.4084507042253521 0.98125 0.03051643192488263 0.03333333333333333