0 0.2564553990610329 0.46979166666666666 0.017605633802816902 0.04791666666666667
0 0.37906103286384973 0.3652916666666667 0.019072769953051644 0.042895833333333334
0 0.39987089201877934 0.3452083333333333 0.026549295774647888 0.04516666666666667
0 0.4088262910798122 0.30089583333333336 0.025516431924882628 0.0404375
0 0.45892018779342725 0.24270833333333333 0.018779342723004695 0.03958333333333333
0 0.5539906103286385 0.8614583333333333 0.014084507042253521 0.03125
0 0.41683098591549295 0.54375 0.02463615023474178 0.057187499999999995
0 0.439131455399061 0.5219791666666667 0.01631455399061033 0.0439375
0 0.4711384976525822 0.5401666666666666 0.022089201877934273 0.03791666666666667
0 0.4994131455399061 0.503125 0.017605633802816902 0.035416666666666666
0 0.5357981220657277 0.53125 0.015258215962441314 0.041666666666666664
0 0.4612676056338028 0.7145833333333333 0.01643192488262911 0.03333333333333333
0 0.3415492957746479 0.278125 0.023474178403755867 0.04375
0 0.54518779342723 0.7447916666666666 0.012910798122065728 0.027083333333333334
0 0.613849765258216 0.9791666666666666 0.01643192488262911 0.0375
0 0.7658450704225352 0.903125 0.03169014084507042 0.05625
0 0.2112676056338028 0.011458333333333333 0.018779342723004695 0.022916666666666665
0 0.5029342723004695 0.8354166666666667 0.012910798122065728 0.020833333333333332
0 0.49178403755868544 0.7604166666666666 0.011737089201877934 0.025
0 0.5363849765258216 0.6229166666666667 0.011737089201877934 0.025
0 0.4964788732394366 0.715625 0.018779342723004695 0.035416666666666666
0 0.34330985915492956 0.3614583333333333 0.015258215962441314 0.03125
0 0.45481220657276994 0.6333333333333333 0.01995305164319249 0.03333333333333333
0 0.09917840375586855 0.30833333333333335 0.015258215962441314 0.025
0 0.37639671361502347 0.47652083333333334 0.02039906103286385 0.04697916666666667
0 0.3909037558685446 0.463625 0.015269953051643192 0.03635416666666667
0 0.41 0.48560416666666667 0.021455399061032866 0.034854166666666665
0 0.4120305164319249 0.4247916666666667 0.019107981220657277 0.053375
0 0.4231338028169014 0.4075416666666667 0.018450704225352114 0.04552083333333334
0 0.43230046948356804 0.48031250000000003 0.012711267605633804 0.03939583333333333
0 0.4511854460093897 0.4723333333333333 0.01994131455399061 0.0295625
0 0.4565727699530516 0.43020833333333336 0.02112676056338028 0.03125
0 0.38967136150234744 0.471875 0.014084507042253521 0.035416666666666666
0 0.6150234741784038 0.9572916666666667 0.018779342723004695 0.035416666666666666
0 0.4823943661971831 0.6302083333333334 0.018779342723004695 0.04375
0 0.3937793427230047 0.5260416666666666 0.012910798122065728 0.03125
0 0.556924882629108 0.7291666666666666 0.012910798122065728 0.020833333333333332
0 0.4724178403755869 0.578125 0.015258215962441314 0.022916666666666665
0 0.676056338028169 0.98125 0.018779342723004695 0.03333333333333333
0 0.2605633802816901 0.484375 0.01643192488262911 0.035416666666666666
0 0.3644366197183099 0.365625 0.017605633802816902 0.027083333333333334
0 0.5475352112676056 0.8104166666666667 0.01056338028169014 0.020833333333333332
0 0.5199530516431925 0.8135416666666667 0.01643192488262911 0.027083333333333334
0 0.33274647887323944 0.3854166666666667 0.015258215962441314 0.025
0 0.7734741784037559 0.9145833333333333 0.014084507042253521 0.029166666666666667
0 0.43133802816901406 0.6385416666666667 0.015258215962441314 0.035416666666666666
0 0.42451877934272303 0.3725 0.016338028169014085 0.03970833333333333
0 0.4456455399061033 0.39125000000000004 0.013967136150234743 0.025062499999999998
0 0.4374295774647887 0.3355625 0.014413145539906103 0.03779166666666667
0 0.4521478873239437 0.3486458333333333 0.02252347417840376 0.045000000000000005