0 0.596830985915493 0.6354166666666666 0.022300469483568074 0.058333333333333334
0 0.3045774647887324 0.25416666666666665 0.022300469483568074 0.041666666666666664
0 0.5422535211267606 0.5760416666666667 0.02112676056338028 0.035416666666666666
0 0.2676056338028169 0.2708333333333333 0.02112676056338028 0.041666666666666664
0 0.4835680751173709 0.7322916666666667 0.014084507042253521 0.03125
0 0.1789906103286385 0.4822916666666667 0.022300469483568074 0.052083333333333336
0 0.4107981220657277 0.23958333333333334 0.02112676056338028 0.04583333333333333
0 0.5985915492957746 0.8125 0.02112676056338028 0.0375
0 0.2323943661971831 0.013541666666666667 0.02112676056338028 0.027083333333333334
0 0.2711267605633803 0.246875 0.018779342723004695 0.03958333333333333
0 0.2934272300469484 0.28125 0.01643192488262911 0.03333333333333333
0 0.3474178403755869 0.3375 0.018779342723004695 0.041666666666666664
0 0.4278169014084507 0.6322916666666667 0.017605633802816902 0.03125
0 0.40798122065727704 0.48370833333333335 0.015269953051643192 0.03864583333333334
0 0.4131455399061033 0.42291666666666666 0.01643192488262911 0.03333333333333333
0 0.4442488262910798 0.7 0.012910798122065728 0.025
0 0.45129107981220656 0.365625 0.012910798122065728 0.03125
0 0.3914319248826291 0.346875 0.01995305164319249 0.035416666666666666
0 0.5428403755868545 0.8375 0.017605633802816902 0.0625
0 0.4476643192488263 0.48693749999999997 0.0348943661971831 0.041291666666666664
0 0.43208920187793426 0.457 0.016549295774647886 0.034458333333333334
0 0.4532159624413145 0.5187708333333333 0.02892018779342723 0.044333333333333336
0 0.4809507042253521 0.5081458333333333 0.018028169014084508 0.05266666666666667
0 0.49178403755868544 0.43125 0.018779342723004695 0.0375
0 0.43779342723004694 0.38125 0.014084507042253521 0.04583333333333333
0 0.3890845070422535 0.19375 0.017605633802816902 0.0375
0 0.4812206572769953 0.37395833333333334 0.014084507042253521 0.03125
0 0.545774647887324 0.8208333333333333 0.011737089201877934 0.029166666666666667
0 0.5839201877934272 0.4822916666666667 0.01056338028169014 0.03125
0 0.4595070422535211 0.6760416666666667 0.012910798122065728 0.022916666666666665
0 0.4583333333333333 0.572375 0.022089201877934273 0.049291666666666664
0 0.5023474178403756 0.4979166666666667 0.01643192488262911 0.03333333333333333
0 0.49471830985915494 0.6354166666666666 0.015258215962441314 0.029166666666666667
0 0.33274647887323944 0.34270833333333334 0.01995305164319249 0.035416666666666666
0 0.3914319248826291 0.49895833333333334 0.015258215962441314 0.052083333333333336
0 0.4988262910798122 0.6 0.014084507042253521 0.03333333333333333
0 0.613849765258216 0.80625 0.009389671361502348 0.020833333333333332
0 0.340962441314554 0.14583333333333334 0.02464788732394366 0.04583333333333333
0 0.5663145539906104 0.7479166666666667 0.022300469483568074 0.05416666666666667
0 0.539906103286385 0.8447916666666667 0.011737089201877934 0.04791666666666667
0 0.3163145539906103 0.5510416666666667 0.012910798122065728 0.035416666666666666
0 0.5780516431924883 0.471875 0.02464788732394366 0.052083333333333336
0 0.3908450704225352 0.246875 0.02112676056338028 0.052083333333333336
0 0.3609154929577465 0.4239583333333333 0.015258215962441314 0.035416666666666666
0 0.562793427230047 0.7614583333333333 0.017605633802816902 0.027083333333333334
0 0.5393192488262911 0.8552083333333333 0.01056338028169014 0.027083333333333334
0 0.465962441314554 0.40520833333333334 0.01643192488262911 0.027083333333333334
0 0.5264084507042254 0.7166666666666667 0.02464788732394366 0.04583333333333333
0 0.4059507042253521 0.5513541666666666 0.01761737089201878 0.04891666666666667
0 0.4244131455399061 0.5602291666666667 0.015880281690140843 0.03558333333333333