0 0.9424882629107981 0.5197916666666667 0.03051643192488263 0.052083333333333336
0 0.029342723004694836 0.7104166666666667 0.04929577464788732 0.03333333333333333
0 0.15434272300469484 0.42083333333333334 0.05046948356807512 0.05416666666666667
0 0.08509389671361503 0.5916666666666667 0.04812206572769953 0.04583333333333333
0 0.06455399061032864 0.39895833333333336 0.0539906103286385 0.06041666666666667
0 0.7687793427230047 0.5333333333333333 0.051643192488262914 0.05
0 0.977112676056338 0.5864583333333333 0.04342723004694836 0.03958333333333333
0 0.09859154929577464 0.46979166666666666 0.035211267605633804 0.03958333333333333
0 0.02624413145539906 0.5854374999999999 0.0525 0.028374999999999997
0 0.02112676056338028 0.49375 0.04225352112676056 0.03333333333333333
0 0.9847417840375586 0.36354166666666665 0.028169014084507043 0.07291666666666667
0 0.6484741784037559 0.7552083333333334 0.02699530516431925 0.035416666666666666
0 0.018192488262910797 0.6208333333333333 0.036384976525821594 0.0375
0 0.869131455399061 0.634375 0.03873239436619718 0.035416666666666666
0 0.19896713615023476 0.5326041666666667 0.03899061032863849 0.083375
0 0.22062206572769952 0.4897708333333333 0.04176056338028169 0.050770833333333334
0 0.23598591549295775 0.42102083333333334 0.0554225352112676 0.09127083333333334
0 0.2146596244131455 0.6236875000000001 0.03847417840375587 0.10185416666666666
0 0.25541079812206574 0.5274791666666666 0.0217018779342723 0.04510416666666666
0 0.2946713615023474 0.47860416666666666 0.040469483568075115 0.07008333333333333
0 0.3363849765258216 0.6411250000000001 0.0276056338028169 0.05183333333333333
0 0.3431103286384976 0.5846666666666667 0.037640845070422535 0.051104166666666666
0 0.3402230046948357 0.5471874999999999 0.03982394366197183 0.04814583333333333
0 0.3396948356807512 0.4920625 0.040892018779342724 0.07047916666666666
0 0.3903755868544601 0.6527083333333333 0.04194835680751174 0.08875000000000001
0 0.38748826291079813 0.554 0.025516431924882628 0.046625
0 0.37981220657277 0.493 0.027230046948356807 0.05341666666666667
0 0.4396596244131455 0.5161041666666667 0.03382629107981221 0.07691666666666667
0 0.48532863849765256 0.47308333333333336 0.02443661971830986 0.04622916666666667
0 0.5061384976525822 0.6566875 0.04940140845070423 0.09291666666666668
0 0.5407042253521127 0.6301458333333334 0.026572769953051644 0.051083333333333335
0 0.5340845070422535 0.5867708333333332 0.032746478873239435 0.04779166666666667
0 0.5523356807511737 0.5206666666666666 0.037230046948356806 0.07087500000000001
0 0.5887206572769953 0.5717916666666666 0.03725352112676056 0.09202083333333334
0 0.45342723004694835 0.6305416666666667 0.033615023474178406 0.06335416666666667
0 0.6014084507042253 0.49225 0.03294600938967136 0.051895833333333335
0 0.7011619718309859 0.468375 0.038274647887323945 0.057187499999999995
0 0.7767018779342723 0.40016666666666667 0.04422535211267606 0.08745833333333333
0 0.6503755868544601 0.6941875 0.030598591549295773 0.05429166666666666
0 0.6610446009389672 0.6422916666666667 0.026326291079812207 0.06410416666666667
0 0.6974295774647887 0.621625 0.03961267605633803 0.0491875
0 0.6313849765258217 0.6157708333333333 0.03956572769953052 0.05652083333333333
0 0.29402582159624413 0.6778958333333333 0.03491784037558685 0.07475000000000001
0 0.25455399061032863 0.650625 0.028532863849765257 0.050479166666666665
0 0.24964788732394366 0.6028749999999999 0.03151408450704225 0.0610625
0 0.2848591549295775 0.6241041666666667 0.020845070422535212 0.058041666666666665
0 0.31078638497652583 0.5932083333333333 0.0276056338028169 0.053000000000000005
0 0.2889084507042254 0.5628958333333334 0.033215962441314556 0.05308333333333334