0 0.7979342723004695 0.5483125 0.03408450704225352 0.04810416666666666
0 0.7798004694835681 0.5073958333333334 0.03975352112676056 0.05191666666666667
0 0.7869483568075117 0.46154166666666663 0.020633802816901407 0.03222916666666667
0 0.796443661971831 0.4179791666666667 0.038896713615023476 0.05489583333333334
0 0.8227699530516432 0.33645833333333336 0.023474178403755867 0.027083333333333334
0 0.6995305164319249 0.39166666666666666 0.03286384976525822 0.07916666666666666
0 0.7893192488262911 0.5916666666666667 0.022300469483568074 0.029166666666666667
0 0.9497535211267606 0.6140625 0.04462441314553991 0.041749999999999995
0 0.9376995305164318 0.5748333333333334 0.05679577464788733 0.0504375
0 0.9419014084507042 0.5395833333333333 0.03403755868544601 0.025
0 0.8767840375586854 0.6104583333333333 0.03525821596244132 0.0610625
0 0.8791079812206573 0.5697916666666667 0.02112676056338028 0.035416666666666666
0 0.8206690140845071 0.48995833333333333 0.030035211267605635 0.043583333333333335
0 0.8227699530516432 0.44166666666666665 0.018779342723004695 0.025
0 0.7975352112676056 0.38645833333333335 0.022300469483568074 0.03125
0 0.960093896713615 0.940625 0.03755868544600939 0.08958333333333333
0 0.9509389671361503 0.6511666666666667 0.04477699530516432 0.050687499999999996