0 0.8215962441314554 0.696875 0.03990610328638498 0.05625
0 0.8303990610328639 0.7864583333333334 0.062206572769953054 0.06041666666666667
0 0.7335680751173709 0.490625 0.046948356807511735 0.10625
0 0.579225352112676 0.7447916666666666 0.03403755868544601 0.06041666666666667
0 0.7629107981220657 0.7041666666666667 0.046948356807511735 0.07916666666666666
0 0.630868544600939 0.5125 0.03403755868544601 0.0625
0 0.8503521126760564 0.6583333333333333 0.05516431924882629 0.04583333333333333
0 0.971830985915493 0.7416666666666667 0.0539906103286385 0.058333333333333334
0 0.12441314553990611 0.49270833333333336 0.06103286384976526 0.04791666666666667
0 0.6244131455399061 0.58125 0.07981220657276995 0.05
0 0.642018779342723 0.6833333333333333 0.03051643192488263 0.0625
0 0.551056338028169 0.6072916666666667 0.03873239436619718 0.052083333333333336
0 0.9213615023474179 0.8052083333333333 0.056338028169014086 0.08125
0 0.9049295774647887 0.6604166666666667 0.06103286384976526 0.05416666666666667
0 0.4524647887323944 0.6979166666666666 0.03403755868544601 0.041666666666666664
0 0.4278169014084507 0.484375 0.02464788732394366 0.035416666666666666
0 0.43603286384976525 0.6197916666666666 0.03169014084507042 0.07291666666666667
0 0.6789906103286385 0.8479166666666667 0.03403755868544601 0.05
0 0.9413145539906104 0.5479166666666667 0.05868544600938967 0.05416666666666667
0 0.9348591549295775 0.6052083333333333 0.07394366197183098 0.06041666666666667
0 0.6784037558685446 0.825 0.04929577464788732 0.09583333333333334
0 0.6496478873239436 0.7604166666666666 0.03169014084507042 0.058333333333333334
0 0.7077464788732394 0.7072916666666667 0.046948356807511735 0.052083333333333336
0 0.4154929577464789 0.428125 0.028169014084507043 0.06458333333333334
0 0.06103286384976526 0.5302083333333333 0.06103286384976526 0.035416666666666666
0 0.42488262910798125 0.5708333333333333 0.02112676056338028 0.041666666666666664
0 0.7417840375586855 0.46979166666666666 0.03051643192488263 0.06041666666666667
0 0.9870892018779343 0.6708333333333333 0.023474178403755867 0.04583333333333333
0 0.971830985915493 0.5354166666666667 0.0539906103286385 0.05
0 0.57981220657277 0.646875 0.023474178403755867 0.052083333333333336
0 0.9917840375586855 0.4739583333333333 0.014084507042253521 0.01875
0 0.05516431924882629 0.5708333333333333 0.08450704225352113 0.12083333333333333