0 0.7171361502347418 0.5645833333333333 0.046948356807511735 0.0625
0 0.522887323943662 0.8916666666666667 0.04342723004694836 0.07083333333333333
0 0.3215962441314554 0.8239583333333333 0.03990610328638498 0.07708333333333334
0 0.70481220657277 0.7875 0.045774647887323945 0.09583333333333334
0 0.8415492957746479 0.7822916666666667 0.07981220657276995 0.07708333333333334
0 0.04342723004694836 0.29791666666666666 0.07981220657276995 0.07083333333333333
0 0.22359154929577466 0.315625 0.05985915492957746 0.13125
0 0.19718309859154928 0.696875 0.0539906103286385 0.06041666666666667
0 0.12206572769953052 0.41041666666666665 0.07511737089201878 0.05
0 0.795774647887324 0.60625 0.06103286384976526 0.07083333333333333
0 0.09859154929577464 0.459375 0.07276995305164319 0.06041666666666667
0 0.04460093896713615 0.515625 0.07746478873239436 0.05625
0 0.1449530516431925 0.621875 0.0528169014084507 0.09375
0 0.585093896713615 0.4114583333333333 0.04107981220657277 0.07291666666666667
0 0.04929577464788732 0.6479166666666667 0.07746478873239436 0.05
0 0.482981220657277 0.48020833333333335 0.036384976525821594 0.07291666666666667
0 0.3268779342723005 0.365625 0.04342723004694836 0.08125
0 0.26467136150234744 0.6270833333333333 0.04342723004694836 0.075
0 0.6572769953051644 0.596875 0.04460093896713615 0.06041666666666667
0 0.40316901408450706 0.4864583333333333 0.04812206572769953 0.06458333333333334
0 0.4254694835680751 0.7583333333333333 0.06455399061032864 0.058333333333333334
0 0.5005868544600939 0.5677083333333334 0.05046948356807512 0.09375
0 0.6490610328638498 0.696875 0.051643192488262914 0.11041666666666666
0 0.8104460093896714 0.6697916666666667 0.08333333333333333 0.06458333333333334
0 0.7775821596244131 0.721875 0.04812206572769953 0.08125
0 0.04636150234741784 0.6958333333333333 0.07394366197183098 0.05416666666666667
0 0.31103286384976525 0.465625 0.056338028169014086 0.06458333333333334
0 0.36502347417840375 0.6885416666666667 0.03990610328638498 0.052083333333333336
0 0.3198356807511737 0.5645833333333333 0.036384976525821594 0.05
0 0.3485915492957746 0.5166666666666667 0.03990610328638498 0.05
0 0.4254694835680751 0.8197916666666667 0.029342723004694836 0.07291666666666667
0 0.5487089201877934 0.515625 0.03169014084507042 0.08958333333333333
0 0.3075117370892019 0.6760416666666667 0.03990610328638498 0.06875
0 0.630868544600939 0.4895833333333333 0.04107981220657277 0.05416666666666667
0 0.11795774647887323 0.34270833333333334 0.08098591549295775 0.08125
0 0.1596244131455399 0.6479166666666667 0.056338028169014086 0.041666666666666664
0 0.5404929577464789 0.484375 0.04107981220657277 0.06875
0 0.2318075117370892 0.35 0.04107981220657277 0.0625
0 0.5035211267605634 0.659375 0.03051643192488263 0.06041666666666667
0 0.15140845070422534 0.6010416666666667 0.06572769953051644 0.052083333333333336