0 0.70481220657277 0.33229166666666665 0.036384976525821594 0.035416666666666666
0 0.5768779342723005 0.24479166666666666 0.029342723004694836 0.04375
0 0.034624413145539906 0.7072916666666667 0.04342723004694836 0.052083333333333336
0 0.857981220657277 0.21458333333333332 0.035211267605633804 0.041666666666666664
0 0.7910798122065728 0.20729166666666668 0.03990610328638498 0.03958333333333333
0 0.09917840375586855 0.9833333333333333 0.029342723004694836 0.029166666666666667
0 0.8609154929577465 0.26145833333333335 0.02464788732394366 0.04375
0 0.7946009389671361 0.29583333333333334 0.04225352112676056 0.05
0 0.7288732394366197 0.37916666666666665 0.028169014084507043 0.03333333333333333
0 0.13380281690140844 0.8395833333333333 0.03051643192488263 0.0375
0 0.5545774647887324 0.41458333333333336 0.01056338028169014 0.029166666666666667
0 0.11854460093896714 0.8114583333333333 0.018779342723004695 0.027083333333333334
0 0.06514084507042253 0.9572916666666667 0.04342723004694836 0.06458333333333334
0 0.556924882629108 0.36354166666666665 0.015258215962441314 0.03125
0 0.681924882629108 0.46770833333333334 0.023474178403755867 0.052083333333333336
0 0.5029342723004695 0.4322916666666667 0.01995305164319249 0.027083333333333334
0 0.6332159624413145 0.3416666666666667 0.022300469483568074 0.041666666666666664
0 0.02112676056338028 0.9375 0.03990610328638498 0.0625
0 0.6431924882629108 0.378125 0.028169014084507043 0.03958333333333333
0 0.8163145539906104 0.23333333333333334 0.02699530516431925 0.03333333333333333
0 0.6285211267605634 0.30833333333333335 0.022300469483568074 0.0375
0 0.5481220657276995 0.32916666666666666 0.01643192488262911 0.0375
0 0.027582159624413145 0.715625 0.029342723004694836 0.035416666666666666
0 0.8973004694835681 0.21145833333333333 0.036384976525821594 0.035416666666666666
0 0.67018779342723 0.41770833333333335 0.028169014084507043 0.035416666666666666
0 0.6208920187793427 0.25833333333333336 0.011737089201877934 0.025
0 0.8738262910798122 0.303125 0.03169014084507042 0.03125
0 0.4953051643192488 0.37916666666666665 0.02112676056338028 0.029166666666666667
0 0.892018779342723 0.18020833333333333 0.04225352112676056 0.04375
0 0.006455399061032864 0.98125 0.012910798122065728 0.03333333333333333