0 0.02523474178403756 0.7645833333333333 0.03169014084507042 0.04583333333333333
0 0.8609154929577465 0.25416666666666665 0.03873239436619718 0.0375
0 0.6461267605633803 0.21458333333333332 0.029342723004694836 0.04583333333333333
0 0.7646713615023474 0.3385416666666667 0.036384976525821594 0.035416666666666666
0 0.8832159624413145 0.27708333333333335 0.036384976525821594 0.0375
0 0.8615023474178404 0.32083333333333336 0.03755868544600939 0.0375
0 0.5580985915492958 0.34375 0.017605633802816902 0.0375
0 0.9477699530516432 0.27291666666666664 0.03873239436619718 0.03333333333333333
0 0.9061032863849765 0.3104166666666667 0.04225352112676056 0.03333333333333333
0 0.6924882629107981 0.2791666666666667 0.011737089201877934 0.025
0 0.721830985915493 0.46979166666666666 0.023474178403755867 0.05625
0 0.9530516431924883 0.29791666666666666 0.03286384976525822 0.03333333333333333
0 0.6226408450704225 0.35733333333333334 0.02488262910798122 0.036083333333333335
0 0.630868544600939 0.31145833333333334 0.01995305164319249 0.052083333333333336
0 0.789906103286385 0.3875 0.028169014084507043 0.041666666666666664
0 0.903169014084507 0.3541666666666667 0.04342723004694836 0.041666666666666664
0 0.5586854460093896 0.3854166666666667 0.023474178403755867 0.029166666666666667
0 0.6807511737089202 0.3541666666666667 0.03051643192488263 0.029166666666666667
0 0.6971830985915493 0.3260416666666667 0.025821596244131457 0.035416666666666666
0 0.7024647887323944 0.384375 0.03169014084507042 0.035416666666666666
0 0.7142018779342723 0.421875 0.02464788732394366 0.035416666666666666
0 0.8656103286384976 0.3802083333333333 0.029342723004694836 0.027083333333333334
0 0.9818075117370892 0.45625 0.01995305164319249 0.03333333333333333
0 0.5586854460093896 0.3625 0.023474178403755867 0.075
0 0.6279342723004695 0.296875 0.014084507042253521 0.022916666666666665
0 0.006455399061032864 0.903125 0.012910798122065728 0.03125
0 0.6860328638497653 0.2833333333333333 0.02464788732394366 0.03333333333333333
0 0.011737089201877934 0.7395833333333334 0.023474178403755867 0.025