0 0.2300469483568075 0.3020833333333333 0.04225352112676056 0.05
0 0.5475352112676056 0.45625 0.036384976525821594 0.04583333333333333
0 0.5311032863849765 0.39166666666666666 0.03873239436619718 0.05
0 0.7922535211267606 0.6114583333333333 0.056338028169014086 0.052083333333333336
0 0.1056338028169014 0.696875 0.07042253521126761 0.06041666666666667
0 0.39884976525821597 0.6533958333333333 0.02625586854460094 0.040125
0 0.4524647887323944 0.734375 0.036384976525821594 0.12708333333333333
0 0.4565727699530516 0.409375 0.03755868544600939 0.052083333333333336
0 0.15610328638497653 0.38645833333333335 0.0539906103286385 0.04375
0 0.29284037558685444 0.69375 0.03873239436619718 0.0625
0 0.5099765258215962 0.453125 0.036384976525821594 0.035416666666666666
0 0.442112676056338 0.5483125 0.049413145539906105 0.04283333333333333
0 0.3925117370892019 0.5382708333333334 0.03767605633802817 0.08716666666666667
0 0.4336854460093897 0.49583333333333335 0.04107981220657277 0.05
0 0.38834507042253524 0.440125 0.041056338028169014 0.05610416666666666
0 0.34193661971830985 0.41512499999999997 0.04323943661971831 0.04845833333333334
0 0.37734741784037557 0.3729166666666667 0.04107981220657277 0.04583333333333333
0 0.8937793427230047 0.51875 0.045774647887323945 0.041666666666666664
0 0.3703051643192488 0.6927083333333334 0.03403755868544601 0.06041666666666667
0 0.05868544600938967 0.3729166666666667 0.05868544600938967 0.058333333333333334
0 0.16607981220657278 0.29583333333333334 0.057511737089201875 0.04583333333333333
0 0.1942488262910798 0.6822916666666666 0.05046948356807512 0.06875
0 0.30299295774647883 0.5685833333333333 0.0443075117370892 0.056875
0 0.30502347417840375 0.5111875 0.04196009389671362 0.0595
0 0.34694835680751174 0.5210416666666666 0.029788732394366198 0.04889583333333333
0 0.31066901408450703 0.47424999999999995 0.03406103286384977 0.057583333333333334
0 0.3533450704225352 0.46647916666666667 0.03406103286384977 0.06097916666666667
0 0.21988262910798123 0.5151666666666667 0.04666666666666666 0.06366666666666666
0 0.25732394366197187 0.505125 0.03834507042253521 0.06252083333333333
0 0.27503521126760566 0.4405208333333333 0.043884976525821594 0.058312499999999996
0 0.3016079812206573 0.39525 0.04367370892018779 0.07004166666666665
0 0.2430281690140845 0.4062291666666667 0.048157276995305164 0.06929166666666667
0 0.16738262910798124 0.48541666666666666 0.04411971830985916 0.05341666666666667
0 0.1190492957746479 0.4702708333333333 0.052018779342723004 0.05341666666666667
0 0.1176643192488263 0.4217708333333333 0.05991784037558685 0.053375
0 0.07787558685446008 0.5098541666666666 0.05758215962441315 0.0651875
0 0.02772300469483568 0.5236875 0.045211267605633806 0.0526875
0 0.12460093896713614 0.6314583333333333 0.06312206572769953 0.05979166666666667
0 0.11692488262910798 0.589625 0.06482394366197183 0.04210416666666667
0 0.12524647887323942 0.5541874999999999 0.06184272300469483 0.05535416666666667
0 0.027734741784037557 0.6814791666666667 0.05380281690140846 0.050666666666666665
0 0.04276995305164319 0.6303541666666667 0.05950704225352113 0.051604166666666666
0 0.4602582159624413 0.3573541666666667 0.03873239436619718 0.05485416666666666
0 0.19704225352112675 0.6312916666666666 0.04795774647887324 0.049708333333333334