0 0.36032863849765256 0.775 0.04225352112676056 0.058333333333333334
0 0.8615023474178404 0.75 0.06572769953051644 0.09166666666666666
0 0.7922535211267606 0.7291666666666666 0.04929577464788732 0.07083333333333333
0 0.6296948356807511 0.64375 0.04812206572769953 0.10416666666666667
0 0.4665492957746479 0.5072916666666667 0.04107981220657277 0.052083333333333336
0 0.539906103286385 0.7270833333333333 0.035211267605633804 0.058333333333333334
0 0.5704225352112676 0.36770833333333336 0.03051643192488263 0.04791666666666667
0 0.6132629107981221 0.42916666666666664 0.029342723004694836 0.041666666666666664
0 0.3884976525821596 0.675 0.04225352112676056 0.05416666666666667
0 0.17488262910798122 0.75 0.0539906103286385 0.075
0 0.5586854460093896 0.3177083333333333 0.025821596244131457 0.035416666666666666
0 0.25234741784037557 0.534375 0.046948356807511735 0.09375
0 0.13321596244131456 0.2916666666666667 0.05985915492957746 0.07083333333333333
0 0.3908450704225352 0.5833333333333334 0.023474178403755867 0.05416666666666667
0 0.3028169014084507 0.4427083333333333 0.04225352112676056 0.06041666666666667
0 0.5387323943661971 0.646875 0.02112676056338028 0.052083333333333336
0 0.460093896713615 0.7583333333333333 0.02112676056338028 0.07916666666666666
0 0.13380281690140844 0.35833333333333334 0.03990610328638498 0.05416666666666667
0 0.20481220657276994 0.4322916666666667 0.06924882629107981 0.04791666666666667
0 0.19190140845070422 0.6333333333333333 0.057511737089201875 0.058333333333333334
0 0.10974178403755869 0.7197916666666667 0.05985915492957746 0.052083333333333336
0 0.22887323943661972 0.38125 0.025821596244131457 0.05
0 0.31396713615023475 0.5427083333333333 0.045774647887323945 0.052083333333333336
0 0.3210093896713615 0.6833333333333333 0.04107981220657277 0.0875
0 0.08157276995305164 0.6239583333333333 0.057511737089201875 0.052083333333333336
0 0.11795774647887323 0.46041666666666664 0.06924882629107981 0.075
0 0.3245305164319249 0.7041666666666667 0.029342723004694836 0.04583333333333333
0 0.1977699530516432 0.5770833333333333 0.0528169014084507 0.06666666666666667
0 0.8433098591549296 0.60625 0.03873239436619718 0.03333333333333333
0 0.3485915492957746 0.6052083333333333 0.03051643192488263 0.07291666666666667
0 0.8345070422535211 0.6541666666666667 0.056338028169014086 0.041666666666666664
0 0.2529342723004695 0.70625 0.06455399061032864 0.08333333333333333
0 0.1431924882629108 0.6729166666666667 0.04460093896713615 0.05416666666666667
0 0.5404929577464789 0.653125 0.03403755868544601 0.06458333333333334
0 0.4964788732394366 0.5770833333333333 0.03755868544600939 0.0625
0 0.511150234741784 0.6114583333333333 0.036384976525821594 0.04375
0 0.9313380281690141 0.6489583333333333 0.06924882629107981 0.04791666666666667
0 0.12396713615023475 0.5490833333333334 0.06610328638497652 0.07466666666666667
0 0.055258215962441314 0.5664791666666668 0.0456924882629108 0.05716666666666667
0 0.05365023474178404 0.5055 0.05992957746478873 0.05570833333333333
0 0.08427230046948357 0.40470833333333334 0.0515962441314554 0.05716666666666667
0 0.039894366197183104 0.43689583333333337 0.059354460093896715 0.058770833333333335
0 0.04426056338028169 0.37041666666666667 0.06676056338028169 0.0620625