0 0.602112676056338 0.23020833333333332 0.023474178403755867 0.04791666666666667
0 0.9096244131455399 0.20729166666666668 0.04460093896713615 0.035416666666666666
0 0.09389671361502347 0.815625 0.03286384976525822 0.03958333333333333
0 0.014084507042253521 0.665625 0.028169014084507043 0.03958333333333333
0 0.8227699530516432 0.296875 0.03051643192488263 0.03958333333333333
0 0.6954225352112676 0.46875 0.02464788732394366 0.058333333333333334
0 0.8732394366197183 0.290625 0.03990610328638498 0.03958333333333333
0 0.6355633802816901 0.2677083333333333 0.029342723004694836 0.03958333333333333
0 0.8151408450704225 0.21458333333333332 0.03873239436619718 0.041666666666666664
0 0.7505868544600939 0.38125 0.02464788732394366 0.0375
0 0.9196009389671361 0.23541666666666666 0.03403755868544601 0.03333333333333333
0 0.6836854460093896 0.4197916666666667 0.029342723004694836 0.04375
0 0.8421361502347418 0.24479166666666666 0.02699530516431925 0.035416666666666666
0 0.07570422535211267 0.7927083333333333 0.022300469483568074 0.027083333333333334
0 0.8867370892018779 0.246875 0.045774647887323945 0.035416666666666666
0 0.5827464788732394 0.34270833333333334 0.015258215962441314 0.03125
0 0.5205399061032864 0.4197916666666667 0.02699530516431925 0.035416666666666666
0 0.7253521126760564 0.328125 0.03286384976525822 0.04791666666666667
0 0.5757042253521126 0.3958333333333333 0.01056338028169014 0.029166666666666667
0 0.6496478873239436 0.35833333333333334 0.022300469483568074 0.04583333333333333
0 0.5757042253521126 0.31354166666666666 0.017605633802816902 0.035416666666666666
0 0.5181924882629108 0.36354166666666665 0.01995305164319249 0.03125
0 0.03697183098591549 0.9427083333333334 0.03873239436619718 0.04375
0 0.6561032863849765 0.31145833333333334 0.018779342723004695 0.03958333333333333
0 0.5786384976525821 0.3260416666666667 0.023474178403755867 0.06041666666666667
0 0.6684272300469484 0.371875 0.017605633802816902 0.03125
0 0.6960093896713615 0.45416666666666666 0.023474178403755867 0.029166666666666667
0 0.7300469483568075 0.31979166666666664 0.018779342723004695 0.03125
0 0.8720657276995305 0.3302083333333333 0.03286384976525822 0.027083333333333334
0 0.061619718309859156 0.9833333333333333 0.04107981220657277 0.029166666666666667