0 0.22652582159624413 0.019791666666666666 0.023474178403755867 0.03958333333333333
0 0.6267605633802817 0.7854166666666667 0.02112676056338028 0.058333333333333334
0 0.20774647887323944 0.49166666666666664 0.011737089201877934 0.05416666666666667
0 0.6461267605633803 0.653125 0.015258215962441314 0.03958333333333333
0 0.29518779342723006 0.3385416666666667 0.022300469483568074 0.035416666666666666
0 0.5129107981220657 0.8020833333333334 0.014084507042253521 0.025
0 0.37265258215962443 0.33645833333333336 0.02464788732394366 0.04791666666666667
0 0.30164319248826293 0.3104166666666667 0.01643192488262911 0.0375
0 0.5757042253521126 0.8927083333333333 0.015258215962441314 0.03125
0 0.3198356807511737 0.5770833333333333 0.012910798122065728 0.03333333333333333
0 0.38615023474178406 0.18541666666666667 0.009389671361502348 0.0375
0 0.5076291079812206 0.696875 0.02464788732394366 0.04375
0 0.5416666666666666 0.728125 0.017605633802816902 0.04791666666666667
0 0.4276056338028169 0.5500208333333333 0.020387323943661974 0.057625
0 0.443075117370892 0.5157083333333333 0.02421361502347418 0.06779166666666667
0 0.4424413145539906 0.4638125 0.02463615023474178 0.04283333333333333
0 0.4515023474178404 0.4467708333333333 0.02550469483568075 0.03672916666666667
0 0.5082159624413145 0.453125 0.01643192488262911 0.03958333333333333
0 0.4518779342723005 0.7041666666666667 0.014084507042253521 0.025
0 0.4225352112676056 0.6375 0.02112676056338028 0.041666666666666664
0 0.3753286384976525 0.47708333333333336 0.02253521126760563 0.03675
0 0.3893075117370892 0.44525 0.01847417840375587 0.0336875
0 0.39645539906103283 0.483125 0.007769953051643193 0.0420625
0 0.40082159624413144 0.41354166666666664 0.015258215962441314 0.035416666666666666
0 0.36619718309859156 0.40625 0.01643192488262911 0.0375
0 0.4671361502347418 0.771875 0.014084507042253521 0.022916666666666665
0 0.2136150234741784 0.490625 0.023474178403755867 0.05625
0 0.3210093896713615 0.34270833333333334 0.015258215962441314 0.03125
0 0.47124413145539906 0.421875 0.015258215962441314 0.03125
0 0.33274647887323944 0.3125 0.017605633802816902 0.03333333333333333
0 0.4841549295774648 0.48125 0.015258215962441314 0.03333333333333333
0 0.4225352112676056 0.3770833333333333 0.01643192488262911 0.0375
0 0.9818075117370892 0.8125 0.03403755868544601 0.08333333333333333
0 0.4859154929577465 0.753125 0.01643192488262911 0.027083333333333334
0 0.4354460093896714 0.365625 0.01643192488262911 0.03125
0 0.5833333333333334 0.7916666666666666 0.03051643192488263 0.03333333333333333
0 0.3022300469483568 0.6822916666666666 0.01995305164319249 0.03958333333333333
0 0.409037558685446 0.29583333333333334 0.015258215962441314 0.03333333333333333
0 0.426056338028169 0.30104166666666665 0.014084507042253521 0.035416666666666666
0 0.5369718309859155 0.7447916666666666 0.017605633802816902 0.03125
0 0.3914319248826291 0.2552083333333333 0.022300469483568074 0.04375
0 0.5692488262910798 0.921875 0.011737089201877934 0.03125
0 0.505868544600939 0.7552083333333334 0.011737089201877934 0.022916666666666665
0 0.357981220657277 0.18333333333333332 0.009389671361502348 0.03333333333333333
0 0.3538732394366197 0.415625 0.015258215962441314 0.03125
0 0.6414319248826291 0.6479166666666667 0.02699530516431925 0.05
0 0.5733568075117371 0.9072916666666667 0.01995305164319249 0.06041666666666667
0 0.3380281690140845 0.184375 0.007042253521126761 0.027083333333333334
0 0.4465962441314554 0.010416666666666666 0.017605633802816902 0.020833333333333332
0 0.2517605633802817 0.6645833333333333 0.01995305164319249 0.041666666666666664
0 0.39730046948356806 0.259375 0.01056338028169014 0.035416666666666666
0 0.6302816901408451 0.7979166666666667 0.011737089201877934 0.03333333333333333
0 0.45300469483568073 0.6271249999999999 0.0344718309859155 0.05197916666666667
0 0.4821244131455399 0.6271249999999999 0.020598591549295775 0.033791666666666664
0 0.40498826291079815 0.5767291666666666 0.026373239436619716 0.061812500000000006
0 0.45631455399061027 0.5820416666666667 0.015903755868544603 0.02695833333333333
0 0.4826643192488263 0.5791875 0.019530516431924883 0.032625
0 0.503462441314554 0.5619583333333333 0.013767605633802818 0.0398125
0 0.529612676056338 0.5627083333333334 0.023157276995305166 0.0344375