0 0.4078638497652582 0.16458333333333333 0.03169014084507042 0.06666666666666667
0 0.4014084507042254 0.4010416666666667 0.035211267605633804 0.06458333333333334
0 0.5674882629107981 0.68125 0.029342723004694836 0.05416666666666667
0 0.7688849765258217 0.24991666666666665 0.04908450704225352 0.06647916666666667
0 0.42664319248826293 0.56875 0.029342723004694836 0.058333333333333334
0 0.5076291079812206 0.5875 0.022300469483568074 0.0625
0 0.3814553990610329 0.9791666666666666 0.011737089201877934 0.0375
0 0.6226525821596244 0.4114583333333333 0.01995305164319249 0.08125
0 0.42077464788732394 0.6520833333333333 0.02699530516431925 0.04583333333333333
0 0.4336854460093897 0.8041666666666667 0.02464788732394366 0.0625
0 0.34800469483568075 0.8104166666666667 0.03403755868544601 0.07083333333333333
0 0.4847417840375587 0.5854166666666667 0.023474178403755867 0.058333333333333334
0 0.6015258215962441 0.42604166666666665 0.02464788732394366 0.06458333333333334
0 0.3967136150234742 0.6885416666666667 0.02112676056338028 0.08125
0 0.3720657276995305 0.88125 0.023474178403755867 0.05
0 0.5985915492957746 0.6041666666666666 0.03286384976525822 0.05416666666666667
0 0.5868544600938967 0.8760416666666667 0.03051643192488263 0.08541666666666667
0 0.5639671361502347 0.9197916666666667 0.029342723004694836 0.05625
0 0.5305164319248826 0.8916666666666667 0.028169014084507043 0.1
0 0.45129107981220656 0.671875 0.03169014084507042 0.06458333333333334
0 0.37265258215962443 0.6729166666666667 0.03169014084507042 0.0875
0 0.3744131455399061 0.9791666666666666 0.025821596244131457 0.0375
0 0.4923708920187793 0.9270833333333334 0.029342723004694836 0.07916666666666666
0 0.47593896713615025 0.7989583333333333 0.03169014084507042 0.07708333333333334
0 0.5205399061032864 0.965625 0.02699530516431925 0.06458333333333334