0 0.7318075117370892 0.4895833333333333 0.0528169014084507 0.10833333333333334
0 0.6044600938967136 0.578125 0.028169014084507043 0.06041666666666667
0 0.25586854460093894 0.7166666666666667 0.056338028169014086 0.0625
0 0.5980046948356808 0.4791666666666667 0.04342723004694836 0.0625
0 0.4823943661971831 0.38645833333333335 0.025821596244131457 0.06875
0 0.3022300469483568 0.625 0.04342723004694836 0.05
0 0.3045774647887324 0.475 0.03873239436619718 0.05416666666666667
0 0.25997652582159625 0.615625 0.03403755868544601 0.05625
0 0.2857981220657277 0.4 0.0528169014084507 0.04583333333333333
0 0.2717136150234742 0.53125 0.03403755868544601 0.05
0 0.2846244131455399 0.35 0.0528169014084507 0.05
0 0.21948356807511737 0.4583333333333333 0.03990610328638498 0.05
0 0.12089201877934272 0.2635416666666667 0.056338028169014086 0.04791666666666667
0 0.20657276995305165 0.553125 0.04460093896713615 0.04791666666666667
0 0.1160680751173709 0.615 0.05457746478873239 0.07016666666666667
0 0.12822769953051644 0.5284166666666666 0.040492957746478875 0.0523125
0 0.08085680751173709 0.46910416666666666 0.04647887323943662 0.08375
0 0.12908450704225352 0.4494166666666667 0.04220657276995305 0.06477083333333333
0 0.16973004694835683 0.39127083333333335 0.036009389671361504 0.065875
0 0.2147887323943662 0.41875 0.03755868544600939 0.041666666666666664
0 0.017018779342723004 0.35833333333333334 0.03403755868544601 0.03333333333333333
0 0.1965962441314554 0.6375 0.04812206572769953 0.05416666666666667
0 0.055469483568075115 0.6498333333333334 0.04954225352112676 0.07229166666666667
0 0.04949530516431925 0.5949166666666666 0.04093896713615024 0.05272916666666667
0 0.055680751173708916 0.41285416666666663 0.04904929577464789 0.0711875
0 0.937593896713615 0.6832083333333333 0.07065727699530516 0.12172916666666667