0 0.7640845070422535 0.49583333333333335 0.0539906103286385 0.1
0 0.9724178403755869 0.13645833333333332 0.0528169014084507 0.06041666666666667
0 0.664906103286385 0.609375 0.036384976525821594 0.05625
0 0.6279342723004695 0.48541666666666666 0.03990610328638498 0.05416666666666667
0 0.5064553990610329 0.41041666666666665 0.036384976525821594 0.05416666666666667
0 0.272887323943662 0.46458333333333335 0.03873239436619718 0.05
0 0.16490610328638497 0.6354166666666666 0.045774647887323945 0.058333333333333334
0 0.22769953051643194 0.7052083333333333 0.05868544600938967 0.05625
0 0.29498826291079816 0.3891666666666667 0.044953051643192486 0.07308333333333333
0 0.3104460093896714 0.38333333333333336 0.04107981220657277 0.0875
0 0.11265258215962441 0.4399375 0.05295774647887324 0.04664583333333334
0 0.14316901408450705 0.3920208333333333 0.0532981220657277 0.05222916666666667
0 0.15610328638497653 0.32083333333333336 0.056338028169014086 0.05
0 0.22937793427230047 0.5659375 0.04645539906103286 0.059145833333333335
0 0.2482394366197183 0.5104166666666666 0.03403755868544601 0.04583333333333333
0 0.15669014084507044 0.2708333333333333 0.05985915492957746 0.04583333333333333
0 0.15127934272300467 0.530875 0.04144366197183099 0.0375
0 0.19032863849765258 0.46191666666666664 0.04443661971830986 0.05420833333333333
0 0.19672535211267608 0.40110416666666665 0.05724178403755869 0.05083333333333333
0 0.036373239436619714 0.41493749999999996 0.05523474178403756 0.06397916666666667
0 0.04383802816901409 0.2715208333333334 0.0792018779342723 0.0675625
0 0.06869718309859155 0.33516666666666667 0.04015258215962442 0.06147916666666667
0 0.03103286384976526 0.5850833333333333 0.04542253521126761 0.08149999999999999
0 0.056748826291079815 0.48464583333333333 0.038438967136150234 0.06935416666666666
0 0.0929225352112676 0.40129166666666666 0.0407981220657277 0.05422916666666667
0 0.09334507042253522 0.6146041666666666 0.05700704225352113 0.07458333333333332
0 0.032206572769953055 0.6426458333333334 0.04057511737089202 0.06395833333333333