0 0.5 0.80625 0.03051643192488263 0.08333333333333333
0 0.43427230046948356 0.7666666666666667 0.025821596244131457 0.0625
0 0.3597417840375587 0.6791666666666667 0.03169014084507042 0.05416666666666667
0 0.6320422535211268 0.51875 0.02464788732394366 0.05
0 0.7036384976525821 0.5416666666666666 0.03873239436619718 0.05416666666666667
0 0.3485915492957746 0.49375 0.028169014084507043 0.05416666666666667
0 0.17136150234741784 0.675 0.06807511737089202 0.05416666666666667
0 0.45892018779342725 0.7114583333333333 0.018779342723004695 0.052083333333333336
0 0.920774647887324 0.5875 0.06690140845070422 0.04583333333333333
0 0.522887323943662 0.6229166666666667 0.022300469483568074 0.0625
0 0.6085680751173709 0.7208333333333333 0.045774647887323945 0.058333333333333334
0 0.24530516431924881 0.778125 0.04225352112676056 0.052083333333333336
0 0.34683098591549294 0.546875 0.02699530516431925 0.052083333333333336
0 0.70481220657277 0.7583333333333333 0.036384976525821594 0.058333333333333334
0 0.8257042253521126 0.7510416666666667 0.045774647887323945 0.06041666666666667
0 0.2517605633802817 0.5520833333333334 0.08333333333333333 0.04583333333333333
0 0.971830985915493 0.7145833333333333 0.0539906103286385 0.08333333333333333
0 0.8667840375586855 0.39791666666666664 0.05985915492957746 0.05
0 0.25 0.734375 0.051643192488262914 0.06458333333333334
0 0.5833333333333334 0.75 0.03990610328638498 0.04583333333333333
0 0.1766431924882629 0.5822916666666667 0.04107981220657277 0.052083333333333336
0 0.7053990610328639 0.61875 0.035211267605633804 0.0625
0 0.23767605633802816 0.6197916666666666 0.04812206572769953 0.04791666666666667
0 0.7981220657276995 0.4635416666666667 0.04929577464788732 0.04375
0 0.95481220657277 0.65625 0.03873239436619718 0.0375
0 0.4964788732394366 0.6614583333333334 0.03286384976525822 0.04375
0 0.5686619718309859 0.5052083333333334 0.02464788732394366 0.052083333333333336
0 0.23826291079812206 0.4875 0.04929577464788732 0.05416666666666667
0 0.8755868544600939 0.640625 0.051643192488262914 0.06458333333333334
0 0.29460093896713613 0.6947916666666667 0.035211267605633804 0.07708333333333334
0 0.8873239436619719 0.41041666666666665 0.10093896713615023 0.075
0 0.8415492957746479 0.7104166666666667 0.056338028169014086 0.0625
0 0.41901408450704225 0.6072916666666667 0.023474178403755867 0.06041666666666667
0 0.7992957746478874 0.5541666666666667 0.04225352112676056 0.0625
0 0.9196009389671361 0.7041666666666667 0.05516431924882629 0.058333333333333334
0 0.9043427230046949 0.425 0.06690140845070422 0.04583333333333333
0 0.7294600938967136 0.6833333333333333 0.04107981220657277 0.058333333333333334
0 0.9753521126760564 0.4125 0.046948356807511735 0.041666666666666664
0 0.026784037558685445 0.5204583333333334 0.05356807511737089 0.04697916666666667
0 0.029448356807511736 0.48389583333333336 0.05889671361502347 0.04964583333333333