0 0.32335680751173707 0.40520833333333334 0.04107981220657277 0.052083333333333336
0 0.3626760563380282 0.5052083333333334 0.028169014084507043 0.052083333333333336
0 0.20833333333333334 0.29375 0.05516431924882629 0.0625
0 0.625 0.6833333333333333 0.03873239436619718 0.10416666666666667
0 0.07746478873239436 0.353125 0.051643192488262914 0.04791666666666667
0 0.9348591549295775 0.521875 0.05985915492957746 0.04791666666666667
0 0.5299295774647887 0.55625 0.06690140845070422 0.058333333333333334
0 0.45892018779342725 0.40729166666666666 0.03755868544600939 0.06458333333333334
0 0.7981220657276995 0.3802083333333333 0.0539906103286385 0.04791666666666667
0 0.49002347417840375 0.49375 0.029342723004694836 0.058333333333333334
0 0.7224178403755869 0.6020833333333333 0.062206572769953054 0.075
0 0.7705399061032864 0.5041666666666667 0.04107981220657277 0.04583333333333333
0 0.517018779342723 0.425 0.022300469483568074 0.0625
0 0.7711267605633803 0.653125 0.04460093896713615 0.04375
0 0.8327464788732394 0.6010416666666667 0.05046948356807512 0.09375
0 0.625 0.553125 0.029342723004694836 0.03958333333333333
0 0.6654929577464789 0.5572916666666666 0.03755868544600939 0.052083333333333336
0 0.7224178403755869 0.53125 0.0528169014084507 0.05
0 0.1431924882629108 0.66875 0.06807511737089202 0.05
0 0.11971830985915492 0.6260416666666667 0.056338028169014086 0.06458333333333334
0 0.6784037558685446 0.4864583333333333 0.025821596244131457 0.04375
0 0.8028169014084507 0.44375 0.056338028169014086 0.058333333333333334
0 0.6338028169014085 0.7114583333333333 0.02112676056338028 0.04791666666666667
0 0.6414319248826291 0.403125 0.03403755868544601 0.05625
0 0.5639671361502347 0.37395833333333334 0.03169014084507042 0.04791666666666667
0 0.5715962441314554 0.421875 0.018779342723004695 0.04375
0 0.8990610328638498 0.5833333333333334 0.05868544600938967 0.0625
0 0.9419014084507042 0.60625 0.04107981220657277 0.04583333333333333
0 0.6267605633802817 0.609375 0.02112676056338028 0.03125
0 0.6384976525821596 0.5125 0.046948356807511735 0.04583333333333333
0 0.8286384976525821 0.5822916666666667 0.04225352112676056 0.05625
0 0.7230046948356808 0.45729166666666665 0.04460093896713615 0.04791666666666667