0 0.44014084507042256 0.39895833333333336 0.04460093896713615 0.06458333333333334
0 0.812206572769953 0.45729166666666665 0.046948356807511735 0.13541666666666666
0 0.11678403755868545 0.2864583333333333 0.09741784037558686 0.09375
0 0.41431924882629106 0.7802083333333333 0.03051643192488263 0.06458333333333334
0 0.45011737089201875 0.6354166666666666 0.03873239436619718 0.05416666666666667
0 0.45305164319248825 0.5604166666666667 0.04225352112676056 0.05
0 0.40199530516431925 0.5822916666666667 0.02699530516431925 0.04791666666666667
0 0.9782863849765259 0.753125 0.04107981220657277 0.19375
0 0.8157276995305164 0.5239583333333333 0.035211267605633804 0.035416666666666666
0 0.25528169014084506 0.40625 0.04107981220657277 0.08333333333333333
0 0.12323943661971831 0.7125 0.06103286384976526 0.05416666666666667
0 0.36032863849765256 0.50625 0.03051643192488263 0.05
0 0.5745305164319249 0.4239583333333333 0.045774647887323945 0.11458333333333333
0 0.2975352112676056 0.35625 0.03873239436619718 0.075
0 0.18309859154929578 0.7041666666666667 0.04929577464788732 0.05416666666666667
0 0.29577464788732394 0.45208333333333334 0.04225352112676056 0.05416666666666667
0 0.1965962441314554 0.3927083333333333 0.04107981220657277 0.05625
0 0.215962441314554 0.5104166666666666 0.03990610328638498 0.0625
0 0.16314553990610328 0.46041666666666664 0.0539906103286385 0.07083333333333333
0 0.40492957746478875 0.6666666666666666 0.028169014084507043 0.058333333333333334
0 0.3456572769953052 0.6875 0.04107981220657277 0.0625
0 0.11032863849765258 0.36875 0.056338028169014086 0.05
0 0.32922535211267606 0.31979166666666664 0.03403755868544601 0.04791666666666667
0 0.5733568075117371 0.396875 0.04342723004694836 0.05625
0 0.06631455399061033 0.39895833333333336 0.057511737089201875 0.03958333333333333
0 0.607593896713615 0.5612083333333333 0.06666666666666667 0.11408333333333333
0 0.08565727699530516 0.522375 0.06419014084507042 0.08564583333333334
0 0.018779342723004695 0.6585625 0.03755868544600939 0.07758333333333334
0 0.052699530516431926 0.6488958333333333 0.04057511737089202 0.067375
0 0.09644366197183099 0.6009583333333333 0.05295774647887324 0.0715625
0 0.1715492957746479 0.6402083333333334 0.04603286384976526 0.07131249999999999
0 0.22820422535211268 0.6305208333333333 0.0519131455399061 0.10335416666666666
0 0.018873239436619716 0.4952708333333333 0.03731220657276995 0.07312500000000001
0 0.3396948356807512 0.4666666666666667 0.032359154929577465 0.057583333333333334