0 0.2805164319248826 0.7052083333333333 0.04460093896713615 0.06041666666666667
0 0.4583333333333333 0.6854166666666667 0.036384976525821594 0.0625
0 0.36678403755868544 0.7885416666666667 0.04342723004694836 0.08958333333333333
0 0.5698356807511737 0.7020833333333333 0.029342723004694836 0.058333333333333334
0 0.4014084507042254 0.7427083333333333 0.04460093896713615 0.06458333333333334
0 0.47183098591549294 0.48125 0.03755868544600939 0.05416666666666667
0 0.5481220657276995 0.7729166666666667 0.04460093896713615 0.0625
0 0.9102112676056338 0.47604166666666664 0.062206572769953054 0.04791666666666667
0 0.8174882629107981 0.9208333333333333 0.0715962441314554 0.15416666666666667
0 0.3609154929577465 0.5541666666666667 0.07394366197183098 0.05
0 0.13380281690140844 0.47291666666666665 0.04929577464788732 0.10416666666666667
0 0.2852112676056338 0.5989583333333334 0.03286384976525822 0.052083333333333336
0 0.7400234741784038 0.5145833333333333 0.02699530516431925 0.05
0 0.812793427230047 0.55 0.0528169014084507 0.05416666666666667
0 0.6214788732394366 0.7958333333333333 0.036384976525821594 0.08333333333333333
0 0.5193661971830986 0.6291666666666667 0.03169014084507042 0.0625
0 0.6032863849765259 0.6604166666666667 0.03755868544600939 0.05
0 0.9776995305164319 0.4125 0.04225352112676056 0.075
0 0.3515258215962441 0.49895833333333334 0.04107981220657277 0.06458333333333334
0 0.6971830985915493 0.734375 0.046948356807511735 0.052083333333333336
0 0.6449530516431925 0.634375 0.022300469483568074 0.05625
0 0.823943661971831 0.7479166666666667 0.046948356807511735 0.0625
0 0.40316901408450706 0.6697916666666667 0.02699530516431925 0.052083333333333336
0 0.9630281690140845 0.7364583333333333 0.06690140845070422 0.052083333333333336
0 0.732981220657277 0.7302083333333333 0.03403755868544601 0.052083333333333336
0 0.9366197183098591 0.7854166666666667 0.056338028169014086 0.06666666666666667
0 0.6789906103286385 0.5770833333333333 0.04342723004694836 0.0625
0 0.3345070422535211 0.6375 0.028169014084507043 0.058333333333333334
0 0.9113849765258216 0.5645833333333333 0.03873239436619718 0.0625
0 0.681924882629108 0.5135416666666667 0.03990610328638498 0.05625
0 0.9759389671361502 0.6854166666666667 0.045774647887323945 0.05416666666666667
0 0.8667488262910799 0.6771458333333332 0.04507042253521126 0.0580625
0 0.7949530516431924 0.6606666666666666 0.04870892018779343 0.06677083333333332
0 0.8293075117370893 0.6388750000000001 0.04485915492957746 0.064875
0 0.7557863849765257 0.6303541666666667 0.06215962441314554 0.08191666666666667