0 0.6954225352112676 0.058333333333333334 0.03169014084507042 0.1
0 0.6696009389671361 0.04583333333333333 0.02699530516431925 0.0625
0 0.44366197183098594 0.40520833333333334 0.03051643192488263 0.035416666666666666
0 0.5874413145539906 0.6260416666666667 0.022300469483568074 0.052083333333333336
0 0.4301643192488263 0.6395833333333333 0.02464788732394366 0.07083333333333333
0 0.7952347417840375 0.32452083333333337 0.03393192488262911 0.07404166666666666
0 0.47769953051643194 0.796875 0.03051643192488263 0.06875
0 0.31338028169014087 0.8947916666666667 0.03286384976525822 0.07291666666666667
0 0.36032863849765256 0.81875 0.04929577464788732 0.10416666666666667
0 0.4735915492957746 0.61875 0.029342723004694836 0.06666666666666667
0 0.49002347417840375 0.6510416666666666 0.029342723004694836 0.06458333333333334
0 0.6091549295774648 0.64375 0.023474178403755867 0.05
0 0.3415492957746479 0.9614583333333333 0.028169014084507043 0.07291666666666667
0 0.40199530516431925 0.35520833333333335 0.03169014084507042 0.04791666666666667
0 0.4865023474178404 0.43645833333333334 0.02699530516431925 0.06458333333333334
0 0.38791079812206575 0.5541666666666667 0.029342723004694836 0.07083333333333333
0 0.5146713615023474 0.7854166666666667 0.022300469483568074 0.0625
0 0.47769953051643194 0.8677083333333333 0.02112676056338028 0.06458333333333334
0 0.6203051643192489 0.6447916666666667 0.012910798122065728 0.03958333333333333
0 0.4448356807511737 0.5229166666666667 0.025821596244131457 0.05
0 0.4242957746478873 0.4947916666666667 0.015258215962441314 0.06458333333333334
0 0.5674882629107981 0.7864583333333334 0.022300469483568074 0.04375
0 0.5610328638497653 0.7760416666666666 0.035211267605633804 0.06458333333333334
0 0.4272300469483568 0.9520833333333333 0.04460093896713615 0.09166666666666666
0 0.37089201877934275 0.565625 0.035211267605633804 0.04791666666666667
0 0.5311032863849765 0.8604166666666667 0.036384976525821594 0.07083333333333333
0 0.5041079812206573 0.8635416666666667 0.02464788732394366 0.06875
0 0.41784037558685444 0.48854166666666665 0.025821596244131457 0.052083333333333336
0 0.511150234741784 0.4479166666666667 0.02464788732394366 0.0625