0 0.409037558685446 0.228125 0.029342723004694836 0.06041666666666667
0 0.6279342723004695 0.48854166666666665 0.03051643192488263 0.07291666666666667
0 0.42077464788732394 0.5979166666666667 0.02699530516431925 0.0625
0 0.4301643192488263 0.5166666666666667 0.029342723004694836 0.058333333333333334
0 0.340962441314554 0.8458333333333333 0.03403755868544601 0.06666666666666667
0 0.47593896713615025 0.7291666666666666 0.04107981220657277 0.10833333333333334
0 0.3732394366197183 0.48541666666666666 0.023474178403755867 0.058333333333333334
0 0.4994131455399061 0.5395833333333333 0.03169014084507042 0.07083333333333333
0 0.562793427230047 0.753125 0.029342723004694836 0.04375
0 0.5234741784037559 0.8614583333333333 0.023474178403755867 0.07708333333333334
0 0.4818075117370892 0.8854166666666666 0.029342723004694836 0.075
0 0.39730046948356806 0.459375 0.029342723004694836 0.06458333333333334
0 0.4847417840375587 0.959375 0.03286384976525822 0.07708333333333334
0 0.4295774647887324 0.746875 0.023474178403755867 0.06041666666666667
0 0.48063380281690143 0.534375 0.02699530516431925 0.07291666666666667
0 0.3615023474178404 0.903125 0.02112676056338028 0.07708333333333334
0 0.6062206572769953 0.48333333333333334 0.029342723004694836 0.0625
0 0.36434272300469484 0.7388958333333334 0.03896713615023475 0.08310416666666667
0 0.3914319248826291 0.7375 0.022300469483568074 0.07916666666666666
0 0.5886150234741784 0.6677083333333333 0.036384976525821594 0.05625
0 0.5134976525821596 0.9427083333333334 0.02464788732394366 0.08958333333333333
0 0.7758215962441315 0.271875 0.035211267605633804 0.06458333333333334
0 0.5503051643192488 0.9551041666666666 0.03915492957746479 0.08979166666666667
0 0.5798591549295775 0.9425416666666667 0.04320422535211268 0.06995833333333333