0 0.5181924882629108 0.2947916666666667 0.01995305164319249 0.03958333333333333
0 0.562206572769953 0.2864583333333333 0.023474178403755867 0.052083333333333336
0 0.31514084507042256 0.6677083333333333 0.02699530516431925 0.05625
0 0.607981220657277 0.15520833333333334 0.03051643192488263 0.05625
0 0.5880281690140845 0.35625 0.03051643192488263 0.05
0 0.6255868544600939 0.18229166666666666 0.023474178403755867 0.052083333333333336
0 0.5528169014084507 0.18958333333333333 0.02112676056338028 0.041666666666666664
0 0.3996478873239437 0.9864583333333333 0.01995305164319249 0.022916666666666665
0 0.7934272300469484 0.15208333333333332 0.03051643192488263 0.06666666666666667
0 0.5305164319248826 0.159375 0.02112676056338028 0.03958333333333333
0 0.29870892018779344 0.8583333333333333 0.02699530516431925 0.06666666666666667
0 0.2734741784037559 0.840625 0.028169014084507043 0.06041666666666667
0 0.34917840375586856 0.8135416666666667 0.02464788732394366 0.03958333333333333
0 0.3626760563380282 0.6677083333333333 0.028169014084507043 0.04791666666666667
0 0.3855633802816901 0.5729166666666666 0.022300469483568074 0.04583333333333333
0 0.2312206572769953 0.990625 0.02112676056338028 0.014583333333333334
0 0.38380281690140844 0.8125 0.028169014084507043 0.05
0 0.44366197183098594 0.6239583333333333 0.02112676056338028 0.04375
0 0.534037558685446 0.6822916666666666 0.025821596244131457 0.03125
0 0.3286384976525822 0.9791666666666666 0.025821596244131457 0.0375
0 0.32335680751173707 0.88125 0.029342723004694836 0.06666666666666667
0 0.5580985915492958 0.678125 0.036384976525821594 0.04375
0 0.19014084507042253 0.9729166666666667 0.03755868544600939 0.05
0 0.5305164319248826 0.6020833333333333 0.028169014084507043 0.0375
0 0.5076291079812206 0.5770833333333333 0.029342723004694836 0.04583333333333333
0 0.517018779342723 0.5177083333333333 0.02464788732394366 0.04375
0 0.2676056338028169 0.803125 0.02112676056338028 0.04375
0 0.27230046948356806 0.7927083333333333 0.03051643192488263 0.06458333333333334
0 0.5487089201877934 0.5302083333333333 0.022300469483568074 0.052083333333333336
0 0.4055164319248826 0.63125 0.02699530516431925 0.03333333333333333
0 0.6396713615023474 0.5330625 0.028169014084507043 0.06875
0 0.7799295774647887 0.128125 0.02464788732394366 0.05625
0 0.5357981220657277 0.615625 0.01995305164319249 0.035416666666666666
0 0.33274647887323944 0.7697916666666667 0.02699530516431925 0.06041666666666667