0 0.8615023474178404 0.7895833333333333 0.06807511737089202 0.06666666666666667
0 0.5011737089201878 0.7052083333333333 0.025821596244131457 0.052083333333333336
0 0.7629107981220657 0.4864583333333333 0.0539906103286385 0.08958333333333333
0 0.16549295774647887 0.484375 0.046948356807511735 0.04791666666666667
0 0.8474178403755869 0.7 0.03990610328638498 0.058333333333333334
0 0.715962441314554 0.8125 0.04929577464788732 0.1
0 0.607981220657277 0.753125 0.03286384976525822 0.06458333333333334
0 0.7887323943661971 0.703125 0.03286384976525822 0.07291666666666667
0 0.46068075117370894 0.4895833333333333 0.02464788732394366 0.041666666666666664
0 0.6602112676056338 0.5177083333333333 0.03403755868544601 0.07291666666666667
0 0.670774647887324 0.684375 0.03169014084507042 0.07291666666666667
0 0.4460093896713615 0.43020833333333336 0.035211267605633804 0.06458333333333334
0 0.6097417840375586 0.6427083333333333 0.022300469483568074 0.06041666666666667
0 0.9636150234741784 0.571875 0.07042253521126761 0.052083333333333336
0 0.8873239436619719 0.65625 0.07276995305164319 0.05
0 0.6543427230046949 0.5833333333333334 0.07863849765258216 0.05
0 0.9501173708920188 0.8197916666666667 0.045774647887323945 0.07708333333333334
0 0.57981220657277 0.6072916666666667 0.03990610328638498 0.052083333333333336
0 0.7470657276995305 0.6989583333333333 0.02699530516431925 0.04791666666666667
0 0.1073943661971831 0.5989583333333334 0.05046948356807512 0.04375
0 0.4835680751173709 0.6364583333333333 0.046948356807511735 0.05625
0 0.9642018779342723 0.6166666666666667 0.06924882629107981 0.05
0 0.9460093896713615 0.6770833333333334 0.03990610328638498 0.07083333333333333
0 0.47476525821596244 0.5708333333333333 0.03403755868544601 0.03333333333333333
0 0.1056338028169014 0.5270833333333333 0.06103286384976526 0.041666666666666664
0 0.9835680751173709 0.75625 0.03051643192488263 0.0375
0 0.6754694835680751 0.7614583333333333 0.029342723004694836 0.05625
0 0.7353286384976526 0.7052083333333333 0.05046948356807512 0.06041666666666667
0 0.03873239436619718 0.575 0.0539906103286385 0.06666666666666667