0 0.232981220657277 0.3697916666666667 0.04812206572769953 0.052083333333333336
0 0.4800469483568075 0.41458333333333336 0.03755868544600939 0.07916666666666666
0 0.7353286384976526 0.56875 0.03403755868544601 0.1
0 0.2623239436619718 0.5145833333333333 0.03873239436619718 0.05
0 0.4307511737089202 0.39895833333333336 0.028169014084507043 0.05625
0 0.7312206572769953 0.425 0.03755868544600939 0.05416666666666667
0 0.3397887323943662 0.32083333333333336 0.04107981220657277 0.05416666666666667
0 0.653169014084507 0.44479166666666664 0.02699530516431925 0.07708333333333334
0 0.18603286384976525 0.6864583333333333 0.0528169014084507 0.08541666666666667
0 0.727112676056338 0.36875 0.036384976525821594 0.05416666666666667
0 0.6208920187793427 0.6135416666666667 0.04460093896713615 0.05625
0 0.681924882629108 0.4864583333333333 0.03755868544600939 0.04791666666666667
0 0.5571361502347418 0.6097083333333334 0.03616197183098591 0.08985416666666667
0 0.5874413145539906 0.5291666666666667 0.029342723004694836 0.041666666666666664
0 0.6502347417840375 0.17916666666666667 0.046948356807511735 0.05416666666666667
0 0.5422535211267606 0.53125 0.018779342723004695 0.041666666666666664
0 0.8450704225352113 0.5427083333333333 0.04225352112676056 0.04375
0 0.07746478873239436 0.28229166666666666 0.056338028169014086 0.052083333333333336
0 0.6349765258215962 0.5125 0.04225352112676056 0.05
0 0.5868544600938967 0.43125 0.028169014084507043 0.0375
0 0.545774647887324 0.3875 0.028169014084507043 0.05416666666666667
0 0.562793427230047 0.4875 0.029342723004694836 0.041666666666666664
0 0.5516431924882629 0.6791666666666667 0.018779342723004695 0.058333333333333334
0 0.8380281690140845 0.4791666666666667 0.04929577464788732 0.04583333333333333
0 0.43309859154929575 0.5291666666666667 0.06338028169014084 0.058333333333333334
0 0.8051643192488263 0.528125 0.0539906103286385 0.06041666666666667
0 0.681924882629108 0.6104166666666667 0.03990610328638498 0.041666666666666664
0 0.40492957746478875 0.4822916666666667 0.025821596244131457 0.052083333333333336
0 0.36971830985915494 0.40625 0.03990610328638498 0.0625
0 0.18544600938967137 0.6114583333333333 0.03990610328638498 0.04375