0 0.8438967136150235 0.30833333333333335 0.028169014084507043 0.0375
0 0.8380281690140845 0.23125 0.03755868544600939 0.041666666666666664
0 0.057511737089201875 0.7916666666666666 0.03286384976525822 0.04583333333333333
0 0.5393192488262911 0.39895833333333336 0.022300469483568074 0.03125
0 0.8661971830985915 0.2552083333333333 0.025821596244131457 0.035416666666666666
0 0.625 0.21458333333333332 0.01995305164319249 0.03333333333333333
0 0.5328638497652582 0.3489583333333333 0.018779342723004695 0.03125
0 0.6678403755868545 0.26875 0.009389671361502348 0.025
0 0.7511737089201878 0.321875 0.01643192488262911 0.03958333333333333
0 0.03990610328638498 0.7697916666666667 0.023474178403755867 0.027083333333333334
0 0.9301643192488263 0.23958333333333334 0.03873239436619718 0.03333333333333333
0 0.6032863849765259 0.321875 0.02112676056338028 0.04791666666666667
0 0.937793427230047 0.26458333333333334 0.03051643192488263 0.03333333333333333
0 0.01232394366197183 0.90625 0.02464788732394366 0.05
0 0.7077464788732394 0.4666666666666667 0.025821596244131457 0.05416666666666667
0 0.7681924882629108 0.38229166666666664 0.02699530516431925 0.035416666666666666
0 0.596830985915493 0.37916666666666665 0.012910798122065728 0.029166666666666667
0 0.017018779342723004 0.9833333333333333 0.03169014084507042 0.029166666666666667
0 0.8943661971830986 0.2677083333333333 0.03990610328638498 0.035416666666666666
0 0.6919014084507042 0.371875 0.012910798122065728 0.03125
0 0.6789906103286385 0.3104166666666667 0.017605633802816902 0.0375
0 0.8990610328638498 0.31875 0.02112676056338028 0.041666666666666664
0 0.670774647887324 0.34375 0.017605633802816902 0.0375
0 0.6995305164319249 0.4125 0.023474178403755867 0.029166666666666667
0 0.7406103286384976 0.321875 0.03755868544600939 0.03958333333333333
0 0.6584507042253521 0.27291666666666664 0.03051643192488263 0.03333333333333333
0 0.6813380281690141 0.37395833333333334 0.03403755868544601 0.035416666666666666