0 0.6766431924882629 0.95 0.02699530516431925 0.0625
0 0.5516431924882629 0.7270833333333333 0.04225352112676056 0.1
0 0.3145539906103286 0.03854166666666667 0.04460093896713615 0.07708333333333334
0 0.38380281690140844 0.38125 0.035211267605633804 0.05
0 0.511150234741784 0.7760416666666666 0.03169014084507042 0.07708333333333334
0 0.38380281690140844 0.5333333333333333 0.03286384976525822 0.075
0 0.6150234741784038 0.3729166666666667 0.035211267605633804 0.05416666666666667
0 0.70481220657277 0.6875 0.04342723004694836 0.07083333333333333
0 0.3380281690140845 0.34375 0.035211267605633804 0.058333333333333334
0 0.48708920187793425 0.51875 0.035211267605633804 0.04583333333333333
0 0.45892018779342725 0.34791666666666665 0.03990610328638498 0.07083333333333333
0 0.5492957746478874 0.275 0.03755868544600939 0.0625
0 0.6854460093896714 0.7635416666666667 0.04929577464788732 0.08958333333333333
0 0.6654929577464789 0.8020833333333334 0.03286384976525822 0.0625
0 0.2834507042253521 0.03333333333333333 0.045774647887323945 0.06666666666666667
0 0.41901408450704225 0.6802083333333333 0.028169014084507043 0.05625
0 0.528169014084507 0.315625 0.03755868544600939 0.07708333333333334
0 0.7674530516431924 0.91475 0.04961267605633803 0.10797916666666667
0 0.43427230046948356 0.36041666666666666 0.03051643192488263 0.075
0 0.44190140845070425 0.6645833333333333 0.03169014084507042 0.05416666666666667
0 0.5698356807511737 0.41354166666666664 0.04107981220657277 0.06875
0 0.5393192488262911 0.4791666666666667 0.029342723004694836 0.0625