0 0.653169014084507 0.7447916666666666 0.045774647887323945 0.08125
0 0.42664319248826293 0.31979166666666664 0.03873239436619718 0.04375
0 0.3720657276995305 0.29375 0.04929577464788732 0.09583333333333334
0 0.4102112676056338 0.678125 0.04107981220657277 0.08125
0 0.31103286384976525 0.71875 0.04225352112676056 0.058333333333333334
0 0.15786384976525822 0.725 0.0528169014084507 0.058333333333333334
0 0.3145539906103286 0.5979166666666667 0.0539906103286385 0.0875
0 0.2564553990610329 0.6760416666666667 0.036384976525821594 0.04375
0 0.29694835680751175 0.35208333333333336 0.04460093896713615 0.05416666666666667
0 0.2671478873239437 0.5092708333333333 0.06152582159624413 0.057958333333333334
0 0.27568075117370894 0.44127083333333333 0.06650234741784038 0.04466666666666667
0 0.29870892018779344 0.4041666666666667 0.03873239436619718 0.05416666666666667
0 0.3315727699530516 0.6635416666666667 0.036384976525821594 0.06041666666666667
0 0.2623239436619718 0.5770833333333333 0.045774647887323945 0.05
0 0.693075117370892 0.6302083333333334 0.03403755868544601 0.04375
0 0.6161971830985915 0.65625 0.035211267605633804 0.07083333333333333
0 0.2323943661971831 0.32916666666666666 0.046948356807511735 0.06666666666666667
0 0.3706338028169014 0.459625 0.04660798122065728 0.0890625
0 0.339906103286385 0.450375 0.045586854460093904 0.04770833333333333
0 0.3644366197183099 0.40625 0.04107981220657277 0.05
0 0.25 0.7322916666666667 0.046948356807511735 0.052083333333333336
0 0.11208920187793427 0.671875 0.05046948356807512 0.04791666666666667
0 0.6296948356807511 0.646875 0.062206572769953054 0.08958333333333333
0 0.5436384976525822 0.6839999999999999 0.04971830985915493 0.06458333333333334
0 0.6296948356807511 0.621875 0.062206572769953054 0.03958333333333333
0 0.18018779342723007 0.6627500000000001 0.035586854460093895 0.059583333333333335
0 0.21009389671361503 0.603125 0.03990610328638498 0.07291666666666667
0 0.5212793427230047 0.5030416666666667 0.041291079812206574 0.084875
0 0.23769953051643194 0.47272916666666664 0.0588262910798122 0.05454166666666667
0 0.1881924882629108 0.47725 0.04870892018779343 0.057604166666666665
0 0.19171361502347417 0.414375 0.07569248826291079 0.043895833333333335
0 0.11724178403755868 0.6057291666666667 0.05906103286384977 0.055374999999999994
0 0.13068075117370892 0.5447083333333332 0.04753521126760563 0.047
0 0.1479694835680751 0.5060625 0.052230046948356805 0.04547916666666666
0 0.16515258215962442 0.5964166666666666 0.043579812206572775 0.050333333333333334
0 0.055258215962441314 0.6780625 0.06276995305164319 0.0650625
0 0.06784037558685446 0.6250416666666666 0.052030516431924884 0.041
0 0.1855281690140845 0.334625 0.05051643192488263 0.05485416666666666
0 0.14210093896713613 0.33897916666666666 0.04690140845070423 0.052187500000000005
0 0.08416666666666665 0.37514583333333335 0.07109154929577464 0.0535
0 0.08406103286384978 0.3295 0.07592723004694836 0.05597916666666667
0 0.10411971830985915 0.43502083333333336 0.06482394366197183 0.051104166666666666
0 0.07125586854460093 0.5378958333333334 0.0673943661971831 0.04852083333333333
0 0.0622887323943662 0.5121249999999999 0.066537558685446 0.0424375
0 0.06314553990610328 0.46041666666666664 0.06825117370892018 0.048854166666666664
0 0.3930399061032864 0.6288333333333332 0.045152582159624415 0.048562499999999995