0 0.6619718309859155 0.346875 0.028169014084507043 0.035416666666666666
0 0.9254694835680751 0.459375 0.04342723004694836 0.022916666666666665
0 0.7711267605633803 0.5625 0.028169014084507043 0.05416666666666667
0 0.926056338028169 0.49270833333333336 0.07276995305164319 0.035416666666666666
0 0.9225352112676056 0.49270833333333336 0.03286384976525822 0.035416666666666666
0 0.9436619718309859 0.5447916666666667 0.03755868544600939 0.03125
0 0.7547300469483568 0.34902083333333334 0.030152582159624415 0.0381875
0 0.7764084507042254 0.290625 0.02699530516431925 0.03125
0 0.7400234741784038 0.42083333333333334 0.022300469483568074 0.025
0 0.7758450704225351 0.518375 0.033990610328638496 0.051166666666666666
0 0.762406103286385 0.469875 0.028438967136150236 0.0450625
0 0.7857981220657277 0.39791666666666664 0.029342723004694836 0.03333333333333333
0 0.6561032863849765 0.4 0.028169014084507043 0.029166666666666667
0 0.8615023474178404 0.5333333333333333 0.03755868544600939 0.029166666666666667
0 0.9483568075117371 0.49270833333333336 0.028169014084507043 0.03125
0 0.9870892018779343 0.5333333333333333 0.023474178403755867 0.025
0 0.7552816901408451 0.384375 0.02464788732394366 0.027083333333333334
0 0.8562206572769953 0.503125 0.022300469483568074 0.035416666666666666
0 0.9113849765258216 0.196875 0.036384976525821594 0.04375
0 0.791537558685446 0.48654166666666665 0.026396713615023472 0.0428125
0 0.7852112676056338 0.43333333333333335 0.03051643192488263 0.029166666666666667
0 0.9360328638497653 0.5739583333333333 0.04342723004694836 0.03958333333333333
0 0.9894366197183099 0.5052083333333334 0.018779342723004695 0.027083333333333334