0 0.33392018779342725 0.6260416666666667 0.02699530516431925 0.052083333333333336
0 0.5780516431924883 0.53125 0.029342723004694836 0.0375
0 0.2300469483568075 0.7364583333333333 0.03051643192488263 0.052083333333333336
0 0.11267605633802817 0.9572916666666667 0.035211267605633804 0.04791666666666667
0 0.4096244131455399 0.7791666666666667 0.023474178403755867 0.05416666666666667
0 0.39730046948356806 0.7614583333333333 0.017605633802816902 0.035416666666666666
0 0.18720657276995306 0.9197916666666667 0.029342723004694836 0.052083333333333336
0 0.45305164319248825 0.46145833333333336 0.03051643192488263 0.04791666666666667
0 0.4102112676056338 0.45208333333333334 0.02699530516431925 0.0375
0 0.17253521126760563 0.896875 0.023474178403755867 0.03125
0 0.3761737089201878 0.5760416666666667 0.02464788732394366 0.04375
0 0.48826291079812206 0.46145833333333336 0.023474178403755867 0.03958333333333333
0 0.40316901408450706 0.6520833333333333 0.017605633802816902 0.0375
0 0.6238262910798122 0.25833333333333336 0.03403755868544601 0.04583333333333333
0 0.6473004694835681 0.115625 0.022300469483568074 0.04375
0 0.6402582159624414 0.21875 0.022300469483568074 0.03333333333333333
0 0.49589201877934275 0.490625 0.02699530516431925 0.035416666666666666
0 0.8438967136150235 0.015625 0.056338028169014086 0.03125
0 0.6056338028169014 0.215625 0.03990610328638498 0.04791666666666667
0 0.7059859154929577 0.10729166666666666 0.04342723004694836 0.07291666666666667
0 0.2811032863849765 0.9520833333333333 0.04342723004694836 0.058333333333333334
0 0.596830985915493 0.446875 0.022300469483568074 0.03125
0 0.5704225352112676 0.41875 0.023474178403755867 0.0375
0 0.44611502347417836 0.8472500000000001 0.03286384976525822 0.05625
0 0.22476525821596244 0.9875 0.03403755868544601 0.020833333333333332
0 0.3538732394366197 0.68125 0.02464788732394366 0.0375
0 0.44835680751173707 0.4125 0.01643192488262911 0.029166666666666667
0 0.6561032863849765 0.15833333333333333 0.03755868544600939 0.04583333333333333
0 0.5557511737089202 0.4895833333333333 0.02699530516431925 0.04583333333333333
0 0.3926056338028169 0.6041666666666666 0.01995305164319249 0.041666666666666664