0 0.15023474178403756 0.6770833333333334 0.051643192488262914 0.075
0 0.10622065727699531 0.15104166666666666 0.0880281690140845 0.08958333333333333
0 0.25938967136150237 0.4010416666666667 0.04929577464788732 0.04375
0 0.1795774647887324 0.39166666666666666 0.051643192488262914 0.0625
0 0.9741784037558685 0.43333333333333335 0.04929577464788732 0.058333333333333334
0 0.2904929577464789 0.5197916666666667 0.04812206572769953 0.08125
0 0.3908450704225352 0.390625 0.03755868544600939 0.052083333333333336
0 0.11326291079812206 0.34270833333333334 0.0528169014084507 0.03958333333333333
0 0.4788732394366197 0.4010416666666667 0.03755868544600939 0.05625
0 0.6519953051643192 0.40520833333333334 0.02464788732394366 0.04375
0 0.5431572769953051 0.5875208333333333 0.03660798122065728 0.0719375
0 0.5424061032863849 0.5127083333333333 0.03658450704225352 0.06252083333333333
0 0.562206572769953 0.43125 0.025821596244131457 0.05416666666666667
0 0.562793427230047 0.36354166666666665 0.03873239436619718 0.052083333333333336
0 0.3544600938967136 0.71875 0.056338028169014086 0.10416666666666667
0 0.21244131455399062 0.6489583333333333 0.04225352112676056 0.06041666666666667
0 0.49471830985915494 0.4791666666666667 0.03873239436619718 0.04583333333333333
0 0.4953051643192488 0.559375 0.018779342723004695 0.06041666666666667
0 0.07276995305164319 0.6489583333333333 0.056338028169014086 0.04791666666666667
0 0.3415492957746479 0.453125 0.035211267605633804 0.04791666666666667
0 0.4471830985915493 0.44166666666666665 0.028169014084507043 0.05
0 0.35563380281690143 0.5197916666666667 0.03286384976525822 0.04791666666666667
0 0.4413145539906103 0.5614583333333333 0.03051643192488263 0.052083333333333336
0 0.6514084507042254 0.465625 0.03286384976525822 0.04791666666666667
0 0.24860328638497653 0.617875 0.026467136150234744 0.05395833333333333
0 0.3908450704225352 0.5979166666666667 0.03051643192488263 0.058333333333333334
0 0.052230046948356805 0.4395833333333333 0.06455399061032864 0.04583333333333333
0 0.06924882629107981 0.6875 0.051643192488262914 0.03333333333333333
0 0.02112676056338028 0.30104166666666665 0.04225352112676056 0.03958333333333333
0 0.6156103286384976 0.46145833333333336 0.036384976525821594 0.035416666666666666
0 0.38615023474178406 0.45625 0.035211267605633804 0.04583333333333333
0 0.5919131455399061 0.29616666666666663 0.033169014084507044 0.08020833333333334