0 0.022887323943661973 0.396875 0.045774647887323945 0.06458333333333334
0 0.8497652582159625 0.40520833333333334 0.03286384976525822 0.052083333333333336
0 0.3456572769953052 0.3854166666666667 0.01995305164319249 0.04583333333333333
0 0.5751173708920188 0.421875 0.01643192488262911 0.04375
0 0.24354460093896713 0.4375 0.022300469483568074 0.041666666666666664
0 0.289906103286385 0.490625 0.03286384976525822 0.03958333333333333
0 0.7177230046948356 0.47708333333333336 0.03873239436619718 0.0375
0 0.3984741784037559 0.4479166666666667 0.022300469483568074 0.04583333333333333
0 0.5698356807511737 0.571875 0.01995305164319249 0.035416666666666666
0 0.2605633802816901 0.5322916666666667 0.03990610328638498 0.03958333333333333
0 0.45774647887323944 0.5229166666666667 0.03286384976525822 0.041666666666666664
0 0.301056338028169 0.609375 0.029342723004694836 0.04791666666666667
0 0.3615023474178404 0.5083333333333333 0.03755868544600939 0.04583333333333333
0 0.9401408450704225 0.5458333333333333 0.05868544600938967 0.058333333333333334
0 0.6543427230046949 0.559375 0.03169014084507042 0.03958333333333333
0 0.8374413145539906 0.6239583333333333 0.045774647887323945 0.03958333333333333
0 0.6402582159624414 0.5979166666666667 0.03169014084507042 0.0375
0 0.11208920187793427 0.3614583333333333 0.04812206572769953 0.03958333333333333
0 0.7130281690140845 0.565625 0.02464788732394366 0.035416666666666666
0 0.5440140845070423 0.46979166666666666 0.03403755868544601 0.08125
0 0.45129107981220656 0.46041666666666664 0.017605633802816902 0.058333333333333334
0 0.5469483568075117 0.4479166666666667 0.028169014084507043 0.041666666666666664
0 0.10622065727699531 0.43645833333333334 0.03403755868544601 0.035416666666666666
0 0.20657276995305165 0.484375 0.03051643192488263 0.035416666666666666
0 0.7863849765258216 0.734375 0.04225352112676056 0.03958333333333333
0 0.784037558685446 0.6114583333333333 0.04225352112676056 0.052083333333333336
0 0.1983568075117371 0.5125 0.04225352112676056 0.0375
0 0.10269953051643192 0.40520833333333334 0.05046948356807512 0.05625
0 0.539906103286385 0.4875 0.025821596244131457 0.04583333333333333
0 0.7658450704225352 0.6708333333333333 0.03169014084507042 0.03333333333333333
0 0.4424882629107981 0.4864583333333333 0.023474178403755867 0.03125
0 0.26291079812206575 0.5916666666666667 0.028169014084507043 0.041666666666666664
0 0.9366197183098591 0.36770833333333336 0.0539906103286385 0.052083333333333336
0 0.8497652582159625 0.46041666666666664 0.03755868544600939 0.04583333333333333
0 0.7230046948356808 0.5145833333333333 0.03990610328638498 0.0375
0 0.34683098591549294 0.6427083333333333 0.036384976525821594 0.03958333333333333
0 0.306924882629108 0.6583333333333333 0.02464788732394366 0.0375
0 0.34330985915492956 0.5979166666666667 0.02464788732394366 0.03333333333333333
0 0.18720657276995306 0.559375 0.03169014084507042 0.04375
0 0.7546948356807511 0.546875 0.04460093896713615 0.06875
0 0.960093896713615 0.5625 0.028169014084507043 0.03333333333333333
0 0.6073943661971831 0.64375 0.02699530516431925 0.041666666666666664
0 0.22241784037558684 0.5541666666666667 0.03403755868544601 0.04583333333333333
0 0.3984741784037559 0.6125 0.036384976525821594 0.05416666666666667
0 0.9465962441314554 0.353125 0.03403755868544601 0.022916666666666665
0 0.9107981220657277 0.44166666666666665 0.04225352112676056 0.04583333333333333
0 0.5938967136150235 0.5989583333333334 0.025821596244131457 0.04791666666666667
0 0.4014084507042254 0.5552083333333333 0.03051643192488263 0.035416666666666666
0 0.4788732394366197 0.609375 0.025821596244131457 0.04791666666666667
0 0.22535211267605634 0.58125 0.03051643192488263 0.058333333333333334
0 0.24647887323943662 0.640625 0.03051643192488263 0.035416666666666666