0 0.681924882629108 0.7510416666666667 0.04929577464788732 0.09375
0 0.18544600938967137 0.7364583333333333 0.0539906103286385 0.06041666666666667
0 0.3160093896713615 0.45358333333333334 0.040469483568075115 0.050374999999999996
0 0.3518544600938967 0.4596458333333333 0.04147887323943662 0.043604166666666666
0 0.352112676056338 0.41041666666666665 0.03755868544600939 0.05
0 0.20422535211267606 0.29583333333333334 0.051643192488262914 0.05416666666666667
0 0.3585680751173709 0.6604166666666667 0.03403755868544601 0.058333333333333334
0 0.3392018779342723 0.7208333333333333 0.03990610328638498 0.058333333333333334
0 0.4025821596244131 0.328125 0.03755868544600939 0.04791666666666667
0 0.29225352112676056 0.5739583333333333 0.051643192488262914 0.04791666666666667
0 0.2353286384976526 0.5947916666666667 0.03873239436619718 0.05625
0 0.7241784037558685 0.628125 0.03990610328638498 0.04375
0 0.42488262910798125 0.6166666666666667 0.02112676056338028 0.041666666666666664
0 0.573943661971831 0.6770833333333334 0.03990610328638498 0.058333333333333334
0 0.38967136150234744 0.2760416666666667 0.028169014084507043 0.04791666666666667
0 0.45422535211267606 0.3385416666666667 0.03755868544600939 0.04791666666666667
0 0.27406103286384975 0.7427083333333333 0.03403755868544601 0.05625
0 0.14084507042253522 0.6802083333333333 0.046948356807511735 0.04791666666666667
0 0.21009389671361503 0.65625 0.035211267605633804 0.05416666666666667
0 0.43661971830985913 0.671875 0.03286384976525822 0.08125
0 0.48708920187793425 0.5010416666666667 0.03286384976525822 0.05625
0 0.6684272300469484 0.6197916666666666 0.036384976525821594 0.03125
0 0.25029342723004694 0.5009374999999999 0.05683098591549296 0.059479166666666666
0 0.2555164319248826 0.449625 0.05392018779342723 0.06135416666666667
0 0.2766431924882629 0.401125 0.049225352112676056 0.05527083333333334
0 0.27699530516431925 0.34791666666666665 0.046948356807511735 0.058333333333333334
0 0.653169014084507 0.65625 0.036384976525821594 0.05
0 0.3308333333333333 0.6309166666666666 0.03812206572769953 0.05652083333333333
0 0.34588028169014085 0.5854583333333333 0.057535211267605635 0.0565
0 0.07498826291079812 0.6934375 0.0513849765258216 0.0679375
0 0.09194835680751175 0.6318750000000001 0.06184272300469483 0.06979166666666667
0 0.0989906103286385 0.5429999999999999 0.07165492957746479 0.059520833333333335
0 0.1288732394366197 0.48995833333333333 0.04604460093896713 0.04735416666666667
0 0.1579929577464789 0.5475625 0.05095070422535211 0.056479166666666664
0 0.1677112676056338 0.47479166666666667 0.038462441314553994 0.07389583333333333
0 0.20312206572769953 0.4422291666666667 0.04944835680751174 0.057937499999999996
0 0.127593896713615 0.4357916666666667 0.043485915492957744 0.052625000000000005
0 0.1577816901408451 0.3975208333333333 0.0547887323943662 0.059437500000000004
0 0.08278169014084508 0.4482916666666667 0.052887323943661975 0.048854166666666664
0 0.05503521126760563 0.37156249999999996 0.06227699530516432 0.05677083333333333
0 0.0588849765258216 0.3217291666666667 0.06825117370892018 0.059395833333333335
0 0.1137206572769953 0.32154166666666667 0.05415492957746479 0.06279166666666666
0 0.16023474178403757 0.31037499999999996 0.044765258215962445 0.06695833333333333
0 0.14338028169014083 0.6170833333333333 0.05799295774647887 0.078125
0 0.17944835680751173 0.6013333333333333 0.03632629107981221 0.09958333333333333
0 0.045117370892018775 0.5990833333333333 0.06846244131455399 0.05347916666666667
0 0.03167840375586854 0.5365625 0.04755868544600939 0.06329166666666666
0 0.042018779342723 0.46154166666666663 0.055880281690140844 0.058708333333333335
0 0.2812206572769953 0.6913541666666667 0.04346244131455399 0.07512500000000001