0 0.7059859154929577 0.46145833333333336 0.02699530516431925 0.06041666666666667
0 0.05457746478873239 0.653125 0.06690140845070422 0.052083333333333336
0 0.664906103286385 0.546875 0.04342723004694836 0.04375
0 0.6654929577464789 0.41770833333333335 0.03755868544600939 0.06875
0 0.8838028169014085 0.478125 0.046948356807511735 0.07708333333333334
0 0.579225352112676 0.521875 0.029342723004694836 0.03958333333333333
0 0.8679577464788732 0.540625 0.05985915492957746 0.052083333333333336
0 0.829225352112676 0.73125 0.03403755868544601 0.0375
0 0.9642018779342723 0.5604166666666667 0.05985915492957746 0.04583333333333333
0 0.8016431924882629 0.6197916666666666 0.04460093896713615 0.04375
0 0.9196009389671361 0.584375 0.057511737089201875 0.04791666666666667
0 0.7007042253521126 0.5958333333333333 0.03755868544600939 0.041666666666666664
0 0.7857981220657277 0.6625 0.029342723004694836 0.04583333333333333
0 0.8427230046948356 0.42916666666666664 0.03755868544600939 0.05
0 0.8926056338028169 0.6666666666666666 0.062206572769953054 0.05
0 0.9583333333333334 0.6833333333333333 0.045774647887323945 0.05416666666666667
0 0.7634976525821596 0.43125 0.04107981220657277 0.0375
0 0.8145539906103286 0.715625 0.06338028169014084 0.06875
0 0.8497652582159625 0.590625 0.051643192488262914 0.052083333333333336
0 0.8075117370892019 0.5395833333333333 0.056338028169014086 0.04583333333333333
0 0.738849765258216 0.60625 0.03873239436619718 0.04583333333333333
0 0.7629107981220657 0.38229166666666664 0.046948356807511735 0.052083333333333336
0 0.9688967136150235 0.4895833333333333 0.0528169014084507 0.058333333333333334
0 0.9178403755868545 0.6395833333333333 0.06103286384976526 0.05
0 0.018779342723004695 0.565625 0.03755868544600939 0.06458333333333334
0 0.9577464788732394 0.43854166666666666 0.06572769953051644 0.06458333333333334
0 0.5432629107981221 0.43104166666666666 0.038298122065727705 0.07725
0 0.4676173708920188 0.31283333333333335 0.04279342723004695 0.06810416666666666