0 0.2576291079812207 0.2916666666666667 0.03873239436619718 0.04583333333333333
0 0.4815962441314554 0.4596666666666666 0.03873239436619718 0.0625
0 0.5205399061032864 0.4583333333333333 0.03873239436619718 0.05
0 0.4847417840375587 0.678125 0.025821596244131457 0.05625
0 0.12323943661971831 0.36666666666666664 0.05868544600938967 0.058333333333333334
0 0.43603286384976525 0.359375 0.029342723004694836 0.05625
0 0.1396713615023474 0.70625 0.06807511737089202 0.058333333333333334
0 0.7458920187793427 0.5875 0.03873239436619718 0.05416666666666667
0 0.3736267605633803 0.5250208333333333 0.03618544600938967 0.06820833333333334
0 0.41353286384976523 0.5305 0.041913145539906105 0.06097916666666667
0 0.40701877934272296 0.4774583333333334 0.032558685446009386 0.06022916666666667
0 0.43309859154929575 0.409375 0.03051643192488263 0.052083333333333336
0 0.5017605633802817 0.390625 0.03873239436619718 0.04791666666666667
0 0.2142018779342723 0.409375 0.05516431924882629 0.052083333333333336
0 0.4166666666666667 0.6833333333333333 0.04460093896713615 0.07083333333333333
0 0.029342723004694836 0.3572916666666667 0.04929577464788732 0.06875
0 0.20598591549295775 0.33541666666666664 0.04812206572769953 0.0375
0 0.4835680751173709 0.7614583333333333 0.03286384976525822 0.06041666666666667
0 0.32981220657276994 0.7052083333333333 0.03755868544600939 0.03958333333333333
0 0.1983568075117371 0.28958333333333336 0.05868544600938967 0.05416666666666667
0 0.286349765258216 0.5017083333333333 0.04018779342723005 0.0428125
0 0.28580985915492957 0.46154166666666663 0.03940140845070422 0.04658333333333333
0 0.31142018779342723 0.414 0.03768779342723005 0.065875
0 0.34342723004694836 0.3667916666666667 0.024624413145539908 0.051958333333333336
0 0.28570422535211265 0.5591041666666666 0.03619718309859155 0.06066666666666667
0 0.32422535211267606 0.5045625 0.035985915492957744 0.057604166666666665
0 0.19245305164319249 0.5032291666666667 0.041772300469483575 0.0663125
0 0.23491784037558686 0.49185416666666665 0.040481220657276995 0.05872916666666667
0 0.14690140845070424 0.583 0.052652582159624414 0.07354166666666666
0 0.14316901408450705 0.48522916666666666 0.044765258215962445 0.05683333333333333
0 0.09985915492957746 0.5293541666666667 0.054671361502347415 0.0556875
0 0.09269953051643193 0.4583333333333333 0.06718309859154929 0.06514583333333333
0 0.08320422535211268 0.4058541666666667 0.05714788732394366 0.051854166666666666
0 0.05514084507042253 0.5445208333333333 0.05011737089201878 0.06558333333333334
0 0.06431924882629107 0.6847083333333334 0.06931924882629108 0.058083333333333334
0 0.07413145539906103 0.6379166666666667 0.05480046948356807 0.05464583333333333
0 0.971631455399061 0.5486875 0.052089201877934276 0.06633333333333333
0 0.2728990610328638 0.39089583333333333 0.056690140845070416 0.057520833333333334
0 0.4425469483568075 0.6436041666666666 0.041725352112676056 0.05539583333333333
0 0.21818075117370891 0.7045833333333333 0.042100938967136146 0.08779166666666667
0 0.21816901408450703 0.6358333333333334 0.03301643192488263 0.06183333333333333
0 0.15373239436619718 0.6411458333333333 0.06289906103286386 0.05427083333333334