0 0.19953051643192488 0.503125 0.04929577464788732 0.04791666666666667
0 0.7811032863849765 0.5104166666666666 0.045774647887323945 0.04583333333333333
0 0.3045774647887324 0.40729166666666666 0.036384976525821594 0.06875
0 0.778169014084507 0.453125 0.04460093896713615 0.04375
0 0.1784037558685446 0.39375 0.03051643192488263 0.041666666666666664
0 0.4630281690140845 0.203125 0.03403755868544601 0.07708333333333334
0 0.17488262910798122 0.33541666666666664 0.04929577464788732 0.05416666666666667
0 0.6713615023474179 0.55625 0.03286384976525822 0.08333333333333333
0 0.3755868544600939 0.4010416666666667 0.028169014084507043 0.04791666666666667
0 0.22946009389671362 0.6375 0.03403755868544601 0.041666666666666664
0 0.4859154929577465 0.40208333333333335 0.025821596244131457 0.058333333333333334
0 0.6725352112676056 0.37916666666666665 0.03990610328638498 0.058333333333333334
0 0.5710093896713615 0.6083333333333333 0.02699530516431925 0.05416666666666667
0 0.5809859154929577 0.496875 0.035211267605633804 0.052083333333333336
0 0.5293427230046949 0.4239583333333333 0.03755868544600939 0.04791666666666667
0 0.020539906103286387 0.2947916666666667 0.03403755868544601 0.03958333333333333
0 0.5025117370892018 0.6756041666666667 0.03041079812206573 0.06620833333333334
0 0.5005868544600939 0.6168958333333333 0.02976525821596244 0.05120833333333333
0 0.5102934272300469 0.5729375 0.03424882629107981 0.0390625
0 0.4873591549295775 0.529375 0.03403755868544601 0.06254166666666666
0 0.5334507042253521 0.51875 0.029342723004694836 0.05
0 0.426056338028169 0.434375 0.035211267605633804 0.06041666666666667
0 0.6766431924882629 0.42291666666666666 0.04107981220657277 0.05416666666666667
0 0.5070422535211268 0.48125 0.03051643192488263 0.041666666666666664
0 0.6302816901408451 0.590625 0.035211267605633804 0.04375
0 0.6285211267605634 0.48333333333333334 0.03873239436619718 0.05
0 0.3538732394366197 0.478125 0.03403755868544601 0.05625
0 0.7488262910798122 0.4947916666666667 0.051643192488262914 0.052083333333333336
0 0.5041079812206573 0.32708333333333334 0.04107981220657277 0.05416666666666667
0 0.3732394366197183 0.51875 0.06572769953051644 0.04583333333333333
0 0.22946009389671362 0.70625 0.05985915492957746 0.075