0 0.47769953051643194 0.11354166666666667 0.03755868544600939 0.08541666666666667
0 0.6013028169014084 0.5367708333333333 0.05193661971830986 0.06897916666666666
0 0.6437793427230047 0.5083333333333333 0.036384976525821594 0.05
0 0.6907276995305164 0.9177083333333333 0.05985915492957746 0.10625
0 0.40199530516431925 0.4822916666666667 0.03169014084507042 0.05625
0 0.6960093896713615 0.8197916666666667 0.046948356807511735 0.08541666666666667
0 0.7118544600938967 0.028125 0.0715962441314554 0.05625
0 0.40316901408450706 0.634375 0.03169014084507042 0.07708333333333334
0 0.47417840375586856 0.6333333333333333 0.03051643192488263 0.07083333333333333
0 0.4289906103286385 0.08645833333333333 0.029342723004694836 0.09791666666666667
0 0.5663145539906104 0.609375 0.036384976525821594 0.08958333333333333
0 0.5598591549295775 0.4322916666666667 0.03286384976525822 0.06875
0 0.43603286384976525 0.759375 0.05046948356807512 0.08958333333333333
0 0.5123239436619719 0.584375 0.036384976525821594 0.06458333333333334
0 0.57981220657277 0.3885416666666667 0.03755868544600939 0.05625
0 0.35269953051643194 0.15729166666666666 0.03169014084507042 0.09375
0 0.4043427230046948 0.10104166666666667 0.02464788732394366 0.06458333333333334
0 0.3673708920187793 0.4552083333333333 0.035211267605633804 0.052083333333333336
0 0.32335680751173707 0.14791666666666667 0.03873239436619718 0.07083333333333333
0 0.4624413145539906 0.3020833333333333 0.03755868544600939 0.058333333333333334