0 0.39436619718309857 0.5989583333333334 0.03051643192488263 0.06875
0 0.32629107981220656 0.5208333333333334 0.04225352112676056 0.1
0 0.6032863849765259 0.51875 0.025821596244131457 0.058333333333333334
0 0.47183098591549294 0.8072916666666666 0.035211267605633804 0.08125
0 0.5387323943661971 0.49270833333333336 0.018779342723004695 0.06041666666666667
0 0.4325117370892019 0.7083333333333334 0.022300469483568074 0.058333333333333334
0 0.40375586854460094 0.7635416666666667 0.023474178403755867 0.06041666666666667
0 0.8802816901408451 0.4197916666666667 0.05868544600938967 0.04375
0 0.6742957746478874 0.759375 0.036384976525821594 0.05625
0 0.681924882629108 0.5427083333333333 0.04225352112676056 0.05625
0 0.21009389671361503 0.615625 0.03990610328638498 0.05625
0 0.846244131455399 0.6416666666666667 0.04929577464788732 0.05416666666666667
0 0.9747652582159625 0.4083333333333333 0.04812206572769953 0.04583333333333333
0 0.15258215962441316 0.571875 0.04929577464788732 0.052083333333333336
0 0.7687793427230047 0.46875 0.0539906103286385 0.05
0 0.3362676056338028 0.6822916666666666 0.03403755868544601 0.05625
0 0.9536384976525821 0.709375 0.0715962441314554 0.06458333333333334
0 0.267018779342723 0.709375 0.03169014084507042 0.05625
0 0.8967136150234741 0.565625 0.06338028169014084 0.052083333333333336
0 0.79518779342723 0.7541666666666667 0.04342723004694836 0.058333333333333334
0 0.20422535211267606 0.5145833333333333 0.04460093896713615 0.10833333333333334
0 0.8386150234741784 0.37916666666666665 0.06455399061032864 0.04583333333333333
0 0.4735915492957746 0.6666666666666666 0.029342723004694836 0.05
0 0.4964788732394366 0.6114583333333333 0.02112676056338028 0.05625
0 0.704225352112676 0.684375 0.03286384976525822 0.06041666666666667
0 0.2323943661971831 0.55 0.07276995305164319 0.05
0 0.03345070422535211 0.4270833333333333 0.06690140845070422 0.04583333333333333
0 0.215962441314554 0.76875 0.04225352112676056 0.05416666666666667
0 0.7734741784037559 0.553125 0.04460093896713615 0.06041666666666667
0 0.926056338028169 0.6479166666666667 0.035211267605633804 0.03333333333333333
0 0.8879107981220657 0.6989583333333333 0.0528169014084507 0.06458333333333334
0 0.6258450704225352 0.656125 0.037007042253521125 0.07283333333333333
0 0.6502347417840375 0.6802083333333333 0.03286384976525822 0.04791666666666667
0 0.13380281690140844 0.665625 0.03755868544600939 0.052083333333333336
0 0.551056338028169 0.7447916666666666 0.04342723004694836 0.052083333333333336
0 0.5334507042253521 0.5520833333333334 0.01995305164319249 0.05
0 0.8080985915492958 0.7145833333333333 0.05516431924882629 0.058333333333333334
0 0.02112676056338028 0.540625 0.04225352112676056 0.052083333333333336
0 0.01643192488262911 0.38229166666666664 0.03286384976525822 0.035416666666666666
0 0.6737089201877934 0.6270833333333333 0.03286384976525822 0.058333333333333334
0 0.03990610328638498 0.5760416666666667 0.03755868544600939 0.06458333333333334
0 0.2793427230046948 0.6385416666666667 0.04225352112676056 0.06041666666666667
0 0.2177230046948357 0.721875 0.04812206572769953 0.06041666666666667
0 0.5768779342723005 0.7229166666666667 0.04342723004694836 0.05416666666666667
0 0.018779342723004695 0.47291666666666665 0.03755868544600939 0.0625
0 0.7893192488262911 0.5895833333333333 0.045774647887323945 0.04583333333333333