0 0.5299295774647887 0.428125 0.03169014084507042 0.07708333333333334
0 0.6965962441314554 0.415625 0.03873239436619718 0.052083333333333336
0 0.698943661971831 0.4822916666666667 0.036384976525821594 0.052083333333333336
0 0.24002347417840375 0.175 0.0903755868544601 0.08333333333333333
0 0.22887323943661972 0.175 0.046948356807511735 0.08333333333333333
0 0.2306338028169014 0.3885416666666667 0.04107981220657277 0.06041666666666667
0 0.3034037558685446 0.40208333333333335 0.04107981220657277 0.041666666666666664
0 0.6062206572769953 0.43125 0.03403755868544601 0.05
0 0.6068075117370892 0.36875 0.028169014084507043 0.05416666666666667
0 0.30809859154929575 0.6989583333333333 0.06455399061032864 0.11041666666666666
0 0.3427230046948357 0.49270833333333336 0.035211267605633804 0.10208333333333333
0 0.1068075117370892 0.46770833333333334 0.056338028169014086 0.052083333333333336
0 0.7946009389671361 0.35104166666666664 0.03051643192488263 0.05625
0 0.4325117370892019 0.6354166666666666 0.02699530516431925 0.05
0 0.4982394366197183 0.4552083333333333 0.02699530516431925 0.052083333333333336
0 0.5496596244131455 0.5795833333333333 0.03402582159624413 0.07127083333333334
0 0.5475352112676056 0.4875 0.04107981220657277 0.05
0 0.6807511737089202 0.478125 0.07276995305164319 0.06041666666666667
0 0.4460093896713615 0.403125 0.035211267605633804 0.052083333333333336
0 0.4061032863849765 0.32083333333333336 0.014084507042253521 0.04583333333333333
0 0.40492957746478875 0.5177083333333333 0.03051643192488263 0.052083333333333336
0 0.397887323943662 0.415625 0.035211267605633804 0.04791666666666667
0 0.48884976525821594 0.5833333333333334 0.03169014084507042 0.05416666666666667
0 0.07746478873239436 0.3072916666666667 0.06572769953051644 0.052083333333333336
0 0.04753521126760563 0.3645833333333333 0.05985915492957746 0.041666666666666664
0 0.4988262910798122 0.5395833333333333 0.023474178403755867 0.041666666666666664
0 0.13380281690140844 0.59375 0.07746478873239436 0.0625
0 0.2775821596244131 0.48125 0.045774647887323945 0.08333333333333333
0 0.4354460093896714 0.5645833333333333 0.03051643192488263 0.07916666666666666
0 0.5937323943661972 0.5763333333333333 0.03362676056338028 0.06777083333333334
0 0.5868544600938967 0.5145833333333333 0.028169014084507043 0.04583333333333333
0 0.07805164319248827 0.65625 0.05985915492957746 0.06666666666666667
0 0.664906103286385 0.46875 0.04107981220657277 0.041666666666666664
0 0.28931924882629106 0.5072916666666667 0.06455399061032864 0.03958333333333333