0 0.9196009389671361 0.5854166666666667 0.03403755868544601 0.05416666666666667
0 0.25821596244131456 0.4354166666666667 0.035211267605633804 0.05
0 0.9336854460093896 0.609375 0.02699530516431925 0.035416666666666666
0 0.028755868544600938 0.4270833333333333 0.0528169014084507 0.07083333333333333
0 0.511150234741784 0.48020833333333335 0.01995305164319249 0.03125
0 0.5891549295774647 0.5497083333333334 0.04642018779342723 0.04847916666666666
0 0.5921361502347418 0.4895833333333333 0.01995305164319249 0.03333333333333333
0 0.30760563380281686 0.5153958333333333 0.028474178403755872 0.05083333333333333
0 0.33098591549295775 0.46145833333333336 0.025821596244131457 0.052083333333333336
0 0.04342723004694836 0.328125 0.05868544600938967 0.04375
0 0.6379107981220657 0.4239583333333333 0.029342723004694836 0.035416666666666666
0 0.18252347417840376 0.41220833333333334 0.03555164319248826 0.04320833333333333
0 0.15140845070422534 0.4907708333333333 0.03596244131455399 0.03945833333333334
0 0.11502347417840375 0.49314583333333334 0.024507042253521124 0.05366666666666667
0 0.08336854460093897 0.48664583333333333 0.029178403755868543 0.05720833333333333
0 0.18725352112676055 0.5662708333333334 0.0356924882629108 0.043770833333333335
0 0.1568661971830986 0.6125416666666667 0.033556338028169014 0.06295833333333332
0 0.16759389671361502 0.7314583333333334 0.03768779342723005 0.06183333333333333
0 0.20065727699530517 0.6656666666666666 0.024154929577464786 0.05083333333333333
0 0.19705399061032863 0.6212916666666667 0.024624413145539908 0.037875
0 0.2283098591549296 0.6609166666666667 0.020833333333333332 0.050854166666666666
0 0.25402582159624415 0.6422291666666666 0.025363849765258215 0.04564583333333334
0 0.24463615023474178 0.5525416666666667 0.031807511737089206 0.05416666666666667
0 0.2074530516431925 0.5251041666666667 0.02942488262910798 0.04658333333333333
0 0.21450704225352113 0.4751666666666667 0.03555164319248826 0.06502083333333333
0 0.25083333333333335 0.5123125 0.024753521126760564 0.03995833333333333
0 0.26935446009389674 0.5544375 0.029366197183098592 0.03860416666666667
0 0.2859507042253521 0.6223541666666667 0.02950704225352113 0.047562499999999994
0 0.3263380281690141 0.6471874999999999 0.03137323943661972 0.06883333333333333
0 0.37811032863849764 0.5305416666666667 0.022863849765258216 0.043270833333333335
0 0.3409272300469484 0.6083958333333332 0.02046948356807512 0.033375
0 0.34212441314553993 0.5650833333333334 0.024577464788732396 0.04854166666666667
0 0.3385328638497653 0.5242708333333334 0.026338028169014087 0.042562499999999996
0 0.3740492957746479 0.6060416666666666 0.021396713615023474 0.047562499999999994
0 0.411631455399061 0.5991666666666667 0.02192488262910798 0.029104166666666667
0 0.41003521126760567 0.6660208333333333 0.024049295774647886 0.0374375
0 0.4346244131455399 0.6211666666666668 0.024061032863849766 0.045187500000000005
0 0.41342723004694837 0.5227291666666667 0.02152582159624413 0.0513125
0 0.4519483568075117 0.5514791666666666 0.021396713615023474 0.04972916666666667
0 0.5383098591549296 0.7337083333333333 0.023368544600938967 0.049770833333333334
0 0.5584389671361503 0.7147708333333332 0.028967136150234742 0.030833333333333334
0 0.5627699530516432 0.6737083333333334 0.02563380281690141 0.04097916666666667
0 0.573169014084507 0.6283958333333334 0.03362676056338028 0.04829166666666666
0 0.49893192488262905 0.6184583333333333 0.028568075117370893 0.051125
0 0.46167840375586855 0.6498125 0.02738262910798122 0.04522916666666667
0 0.42703051643192486 0.6964375 0.022053990610328637 0.03910416666666667
0 0.3753169014084507 0.6607083333333333 0.025258215962441315 0.03860416666666667
0 0.3049413145539906 0.5773958333333333 0.02313380281690141 0.042354166666666665