0 0.5868544600938967 0.22395833333333334 0.023474178403755867 0.052083333333333336
0 0.3221830985915493 0.6760416666666667 0.03169014084507042 0.04791666666666667
0 0.619131455399061 0.12291666666666666 0.01995305164319249 0.04583333333333333
0 0.6842723004694836 0.10729166666666666 0.03990610328638498 0.06458333333333334
0 0.20187793427230047 0.9072916666666667 0.03051643192488263 0.04791666666666667
0 0.4460093896713615 0.759375 0.028169014084507043 0.04791666666666667
0 0.6279342723004695 0.16666666666666666 0.03286384976525822 0.058333333333333334
0 0.2494131455399061 0.725 0.02699530516431925 0.04583333333333333
0 0.5686619718309859 0.5510416666666667 0.022300469483568074 0.03958333333333333
0 0.5586854460093896 0.4395833333333333 0.023474178403755867 0.03333333333333333
0 0.5833333333333334 0.4635416666666667 0.023474178403755867 0.035416666666666666
0 0.4823943661971831 0.5177083333333333 0.023474178403755867 0.05625
0 0.812793427230047 0.03333333333333333 0.057511737089201875 0.06666666666666667
0 0.19131455399061034 0.8739583333333333 0.018779342723004695 0.035416666666666666
0 0.3456572769953052 0.7239583333333334 0.02699530516431925 0.052083333333333336
0 0.54518779342723 0.5083333333333333 0.02699530516431925 0.04583333333333333
0 0.13028169014084506 0.965625 0.03755868544600939 0.052083333333333336
0 0.5017605633802817 0.7864583333333334 0.02699530516431925 0.04791666666666667
0 0.392018779342723 0.69375 0.014084507042253521 0.041666666666666664
0 0.23884976525821597 0.9791666666666666 0.02699530516431925 0.0375
0 0.2887323943661972 0.971875 0.04460093896713615 0.052083333333333336
0 0.6942488262910798 0.12083333333333333 0.01995305164319249 0.0375
0 0.3779342723004695 0.65 0.023474178403755867 0.041666666666666664
0 0.5158450704225352 0.7604166666666666 0.015258215962441314 0.029166666666666667
0 0.43603286384976525 0.5010416666666667 0.029342723004694836 0.04375
0 0.6220657276995305 0.22604166666666667 0.02112676056338028 0.035416666666666666
0 0.6144366197183099 0.26875 0.02699530516431925 0.04583333333333333
0 0.43133802816901406 0.446875 0.01995305164319249 0.027083333333333334
0 0.3949530516431925 0.5 0.02699530516431925 0.058333333333333334
0 0.36795774647887325 0.6145833333333334 0.029342723004694836 0.04583333333333333
0 0.47007042253521125 0.48854166666666665 0.029342723004694836 0.04791666666666667
0 0.4301643192488263 0.7447916666666666 0.017605633802816902 0.035416666666666666