0 0.5152582159624414 0.36770833333333336 0.023474178403755867 0.04375
0 0.6109154929577465 0.49583333333333335 0.03403755868544601 0.0625
0 0.5944835680751174 0.4354166666666667 0.03169014084507042 0.0375
0 0.3051643192488263 0.9322916666666666 0.04225352112676056 0.07291666666666667
0 0.971244131455399 0.027083333333333334 0.05516431924882629 0.05416666666666667
0 0.6725352112676056 0.19270833333333334 0.03051643192488263 0.05625
0 0.29518779342723006 0.8166666666666667 0.022300469483568074 0.04583333333333333
0 0.6408450704225352 0.41354166666666664 0.03051643192488263 0.04791666666666667
0 0.6179577464788732 0.3770833333333333 0.01995305164319249 0.0375
0 0.1619718309859155 0.765625 0.028169014084507043 0.03958333333333333
0 0.38380281690140844 0.503125 0.02112676056338028 0.03125
0 0.4653755868544601 0.34270833333333334 0.01995305164319249 0.04791666666666667
0 0.4448356807511737 0.5145833333333333 0.025821596244131457 0.08333333333333333
0 0.7370892018779343 0.17083333333333334 0.03286384976525822 0.05
0 0.051056338028169015 0.9322916666666666 0.036384976525821594 0.04375
0 0.7758215962441315 0.09270833333333334 0.03286384976525822 0.052083333333333336
0 0.6995305164319249 0.265625 0.025821596244131457 0.04375
0 0.7347417840375586 0.13645833333333332 0.025821596244131457 0.04375
0 0.11443661971830986 0.9666666666666667 0.02699530516431925 0.03333333333333333
0 0.5492957746478874 0.41041666666666665 0.028169014084507043 0.0625
0 0.27992957746478875 0.7989583333333333 0.017605633802816902 0.027083333333333334
0 0.7875586854460094 0.11666666666666667 0.03051643192488263 0.041666666666666664
0 0.11384976525821597 0.9510416666666667 0.03286384976525822 0.06458333333333334
0 0.30985915492957744 0.9135416666666667 0.035211267605633804 0.035416666666666666
0 0.10974178403755869 0.9333333333333333 0.02699530516431925 0.0375
0 0.5534037558685446 0.42083333333333334 0.01995305164319249 0.041666666666666664
0 0.5076291079812206 0.3177083333333333 0.015258215962441314 0.027083333333333334
0 0.2992957746478873 0.94375 0.03051643192488263 0.05
0 0.5446009389671361 0.39166666666666666 0.018779342723004695 0.0375
0 0.4460093896713615 0.49375 0.025821596244131457 0.041666666666666664
0 0.43603286384976525 0.453125 0.017605633802816902 0.035416666666666666
0 0.26173708920187794 0.8822916666666667 0.03990610328638498 0.052083333333333336
0 0.7007042253521126 0.21145833333333333 0.028169014084507043 0.04375
0 0.443075117370892 0.453125 0.03169014084507042 0.03958333333333333
0 0.0528169014084507 0.9875 0.03755868544600939 0.020833333333333332