0 0.2975352112676056 0.5614583333333333 0.04812206572769953 0.06458333333333334
0 0.4935446009389671 0.525 0.02464788732394366 0.0625
0 0.29518779342723006 0.765625 0.0528169014084507 0.06458333333333334
0 0.7382629107981221 0.63125 0.03286384976525822 0.058333333333333334
0 0.7946009389671361 0.5125 0.04225352112676056 0.041666666666666664
0 0.5598591549295775 0.7708333333333334 0.04225352112676056 0.058333333333333334
0 0.2494131455399061 0.6614583333333334 0.057511737089201875 0.05625
0 0.3826291079812207 0.58125 0.025821596244131457 0.06666666666666667
0 0.32335680751173707 0.690625 0.029342723004694836 0.052083333333333336
0 0.971830985915493 0.41458333333333336 0.04460093896713615 0.0625
0 0.6660798122065728 0.7770833333333333 0.03169014084507042 0.05416666666666667
0 0.573943661971831 0.55625 0.025821596244131457 0.05
0 0.21948356807511737 0.4947916666666667 0.03755868544600939 0.05625
0 0.5375586854460094 0.7020833333333333 0.025821596244131457 0.04583333333333333
0 0.11619718309859155 0.4010416666666667 0.056338028169014086 0.06458333333333334
0 0.1602112676056338 0.69375 0.045774647887323945 0.058333333333333334
0 0.36619718309859156 0.6645833333333333 0.051643192488262914 0.041666666666666664
0 0.5745305164319249 0.6802083333333333 0.036384976525821594 0.04791666666666667
0 0.1784037558685446 0.6072916666666667 0.051643192488262914 0.06458333333333334
0 0.11737089201877934 0.6979166666666666 0.06807511737089202 0.08333333333333333
0 0.6752347417840375 0.541875 0.04403755868544601 0.0648125
0 0.6631455399061033 0.4791666666666667 0.03286384976525822 0.04583333333333333
0 0.6842723004694836 0.7114583333333333 0.03990610328638498 0.06458333333333334
0 0.04929577464788732 0.334375 0.06807511737089202 0.052083333333333336
0 0.44366197183098594 0.7375 0.0539906103286385 0.08333333333333333
0 0.7588028169014085 0.70625 0.05516431924882629 0.058333333333333334
0 0.7717136150234741 0.4010416666666667 0.04107981220657277 0.04791666666666667
0 0.45774647887323944 0.7229166666666667 0.025821596244131457 0.05416666666666667
0 0.22183098591549297 0.54375 0.03286384976525822 0.04583333333333333
0 0.09665492957746478 0.5377083333333333 0.04562206572769953 0.06708333333333334
0 0.09859154929577464 0.48125 0.05868544600938967 0.058333333333333334
0 0.5158450704225352 0.6572916666666667 0.036384976525821594 0.05625
0 0.6913145539906104 0.590625 0.03286384976525822 0.04375
0 0.744131455399061 0.346875 0.03286384976525822 0.04375
0 0.8438967136150235 0.6770833333333334 0.046948356807511735 0.07083333333333333
0 0.04636150234741784 0.521875 0.062206572769953054 0.052083333333333336
0 0.5492957746478874 0.5958333333333333 0.023474178403755867 0.07083333333333333
0 0.4284037558685446 0.5239583333333333 0.03755868544600939 0.06458333333333334
0 0.1164906103286385 0.6053333333333334 0.05543427230046948 0.06220833333333333
0 0.1443661971830986 0.5427083333333333 0.05868544600938967 0.052083333333333336
0 0.8251173708920188 0.625 0.03755868544600939 0.05
0 0.43427230046948356 0.7541666666666667 0.035211267605633804 0.05
0 0.9853286384976526 0.7375 0.02699530516431925 0.058333333333333334
0 0.3597417840375587 0.7927083333333333 0.04342723004694836 0.08541666666666667
0 0.426056338028169 0.46979166666666666 0.025821596244131457 0.04791666666666667
0 0.058098591549295774 0.396875 0.07394366197183098 0.06041666666666667
0 0.03210093896713615 0.64 0.0642018779342723 0.065625