0 0.1619718309859155 0.47291666666666665 0.025821596244131457 0.05
0 0.5528169014084507 0.58125 0.018779342723004695 0.03333333333333333
0 0.4184272300469484 0.5927083333333333 0.022300469483568074 0.035416666666666666
0 0.2529342723004695 0.240625 0.01995305164319249 0.03958333333333333
0 0.3503521126760563 0.38645833333333335 0.015258215962441314 0.027083333333333334
0 0.27875586854460094 0.24791666666666667 0.017605633802816902 0.03333333333333333
0 0.2869718309859155 0.215625 0.01995305164319249 0.035416666666666666
0 0.2576291079812207 0.20520833333333333 0.01995305164319249 0.035416666666666666
0 0.44948356807511736 0.4774583333333334 0.03188967136150235 0.030708333333333334
0 0.4369953051643192 0.4530208333333333 0.02210093896713615 0.0454375
0 0.3863262910798122 0.396375 0.02164319248826291 0.04135416666666667
0 0.4424882629107981 0.38229166666666664 0.01643192488262911 0.03958333333333333
0 0.5815727699530516 0.5708333333333333 0.02464788732394366 0.05416666666666667
0 0.33568075117370894 0.29270833333333335 0.018779342723004695 0.035416666666666666
0 0.3221830985915493 0.30416666666666664 0.017605633802816902 0.0375
0 0.4475586854460094 0.5229374999999999 0.019741784037558687 0.04510416666666666
0 0.4724178403755869 0.525375 0.018028169014084508 0.029541666666666667
0 0.4826643192488263 0.469875 0.028063380281690142 0.0450625
0 0.5017605633802817 0.43645833333333334 0.012910798122065728 0.035416666666666666
0 0.37910798122065725 0.2125 0.023474178403755867 0.041666666666666664
0 0.5809859154929577 0.740625 0.014084507042253521 0.027083333333333334
0 0.505868544600939 0.6427083333333333 0.014084507042253521 0.022916666666666665
0 0.40375586854460094 0.36041666666666666 0.018779342723004695 0.05
0 0.3796948356807512 0.15520833333333334 0.02464788732394366 0.03125
0 0.5070422535211268 0.6 0.01643192488262911 0.0375
0 0.5516431924882629 0.39375 0.023474178403755867 0.05416666666666667
0 0.37874413145539904 0.45870833333333333 0.029366197183098592 0.06439583333333333
0 0.41784037558685444 0.42604166666666665 0.01643192488262911 0.035416666666666666
0 0.4113849765258216 0.35208333333333336 0.012910798122065728 0.0375
0 0.4354460093896714 0.6541666666666667 0.01643192488262911 0.025
0 0.4583333333333333 0.5604166666666667 0.015258215962441314 0.0375
0 0.5076291079812206 0.5020833333333333 0.015258215962441314 0.0375
0 0.4706572769953052 0.34375 0.01643192488262911 0.04583333333333333
0 0.36678403755868544 0.35520833333333335 0.015258215962441314 0.035416666666666666
0 0.460093896713615 0.359375 0.011737089201877934 0.027083333333333334
0 0.5264084507042254 0.7958333333333333 0.015258215962441314 0.0625
0 0.3984741784037559 0.20416666666666666 0.022300469483568074 0.05
0 0.556924882629108 0.40520833333333334 0.012910798122065728 0.03125
0 0.448943661971831 0.6333333333333333 0.012910798122065728 0.020833333333333332
0 0.57981220657277 0.7510416666666667 0.01643192488262911 0.04791666666666667
0 0.4788732394366197 0.41041666666666665 0.01643192488262911 0.029166666666666667
0 0.47183098591549294 0.6364583333333333 0.023474178403755867 0.04791666666666667
0 0.24061032863849766 0.010416666666666666 0.018779342723004695 0.020833333333333332
0 0.5751173708920188 0.7645833333333333 0.02112676056338028 0.029166666666666667
0 0.5381455399061033 0.7260416666666667 0.02464788732394366 0.04791666666666667
0 0.6144366197183099 0.8166666666666667 0.029342723004694836 0.041666666666666664
0 0.46830985915492956 0.6916666666666667 0.02112676056338028 0.0375
0 0.40669014084507044 0.5135416666666667 0.029342723004694836 0.03958333333333333
0 0.3268779342723005 0.13333333333333333 0.03403755868544601 0.041666666666666664