0 0.10328638497652583 0.34479166666666666 0.03990610328638498 0.03958333333333333
0 0.1396713615023474 0.38958333333333334 0.051643192488262914 0.06666666666666667
0 0.8996478873239436 0.5958333333333333 0.03169014084507042 0.03333333333333333
0 0.909037558685446 0.6239583333333333 0.04107981220657277 0.027083333333333334
0 0.02171361502347418 0.509375 0.04342723004694836 0.04791666666666667
0 0.29870892018779344 0.44583333333333336 0.03169014084507042 0.04583333333333333
0 0.142018779342723 0.48125 0.018779342723004695 0.03333333333333333
0 0.9354460093896714 0.40729166666666666 0.06103286384976526 0.052083333333333336
0 0.26115023474178406 0.48020833333333335 0.02699530516431925 0.035416666666666666
0 0.6789906103286385 0.6739583333333333 0.01995305164319249 0.03125
0 0.24061032863849766 0.440625 0.035211267605633804 0.04791666666666667
0 0.5839201877934272 0.43333333333333335 0.029342723004694836 0.0375
0 0.18368544600938966 0.478125 0.036384976525821594 0.03125
0 0.9794600938967136 0.7458333333333333 0.03873239436619718 0.04583333333333333
0 0.9911971830985915 0.7854166666666667 0.015258215962441314 0.029166666666666667
0 0.3731220657276995 0.5071875 0.025927230046948357 0.029062499999999998
0 0.37015258215962443 0.4702708333333333 0.024565727699530516 0.0300625
0 0.47224178403755873 0.47541666666666665 0.014518779342723004 0.042395833333333334
0 0.4915492957746479 0.5497708333333333 0.027852112676056338 0.045875
0 0.5209389671361502 0.5523958333333333 0.02820422535211268 0.03220833333333333
0 0.5511854460093897 0.4998958333333333 0.03798122065727699 0.04685416666666666
0 0.5206572769953052 0.6323124999999999 0.02704225352112676 0.042687499999999996
0 0.5227112676056338 0.7054375 0.03023474178403756 0.0275625
0 0.5217957746478873 0.676 0.02931924882629108 0.033
0 0.49644366197183104 0.7294166666666667 0.020786384976525824 0.05083333333333333
0 0.4705281690140845 0.6401875 0.02705399061032864 0.03825
0 0.4250704225352113 0.6596041666666667 0.025011737089201878 0.036625
0 0.44671361502347423 0.6070208333333333 0.027288732394366196 0.0446875
0 0.38200704225352117 0.5503750000000001 0.025469483568075116 0.04466666666666667
0 0.37927230046948357 0.6607291666666666 0.02 0.03279166666666667
0 0.39823943661971833 0.6405 0.020340375586854458 0.03277083333333333
0 0.40889671361502344 0.5924583333333333 0.02 0.02364583333333333
0 0.41630281690140847 0.5738333333333333 0.02341549295774648 0.03820833333333333
0 0.41606807511737093 0.5481458333333333 0.022957746478873237 0.028083333333333335
0 0.3979577464788732 0.6912708333333334 0.015539906103286386 0.0234375
0 0.3769953051643192 0.6098541666666667 0.02 0.042270833333333334
0 0.346056338028169 0.6617291666666667 0.02991784037558685 0.030770833333333334
0 0.32846244131455404 0.5795 0.027758215962441313 0.04629166666666666
0 0.292112676056338 0.5252916666666666 0.025715962441314553 0.043041666666666666
0 0.2672769953051643 0.5515833333333333 0.026173708920187794 0.04708333333333334
0 0.2889319248826291 0.5739375 0.021678403755868544 0.041229166666666664
0 0.27172535211267607 0.630375 0.023673708920187796 0.036812500000000005
0 0.30453051643192486 0.6528333333333334 0.030046948356807514 0.04533333333333334
0 0.2198356807511737 0.6723541666666667 0.019002347417840376 0.0338125
0 0.2438145539906103 0.6552708333333332 0.020258215962441317 0.034
0 0.22836854460093897 0.5706041666666667 0.03381455399061033 0.04466666666666667
0 0.22450704225352114 0.5008125 0.02151408450704225 0.03047916666666667
0 0.23800469483568076 0.5202291666666666 0.020985915492957745 0.027770833333333335
0 0.19460093896713615 0.5390416666666666 0.022089201877934273 0.030083333333333333
0 0.19231220657276996 0.6322083333333333 0.02664319248826291 0.03641666666666667
0 0.21640845070422535 0.6465625 0.02584507042253521 0.036833333333333336
0 0.21179577464788732 0.6082291666666666 0.03142018779342723 0.03904166666666666
0 0.17420187793427228 0.5868958333333333 0.02550469483568075 0.03802083333333333
0 0.1919131455399061 0.7027083333333334 0.027441314553990608 0.037875
0 0.1989788732394366 0.6755 0.025164319248826294 0.03402083333333333
0 0.22205399061032863 0.6985416666666667 0.025539906103286387 0.03314583333333333
0 0.25673708920187793 0.5977083333333333 0.019906103286384976 0.034166666666666665