0 0.39436619718309857 0.041666666666666664 0.03286384976525822 0.08333333333333333
0 0.5093896713615024 0.10104166666666667 0.03286384976525822 0.09375
0 0.5733568075117371 0.5510416666666667 0.02464788732394366 0.08125
0 0.3779342723004695 0.2604166666666667 0.025821596244131457 0.06666666666666667
0 0.4677230046948357 0.13854166666666667 0.02699530516431925 0.06458333333333334
0 0.49413145539906106 0.684375 0.03286384976525822 0.06458333333333334
0 0.6156103286384976 0.26145833333333335 0.029342723004694836 0.07708333333333334
0 0.40199530516431925 0.28020833333333334 0.02699530516431925 0.07708333333333334
0 0.6244131455399061 0.9427083333333334 0.03051643192488263 0.10208333333333333
0 0.43485915492957744 0.6791666666666667 0.03169014084507042 0.05
0 0.36384976525821594 0.734375 0.03286384976525822 0.08125
0 0.5886150234741784 0.26666666666666666 0.029342723004694836 0.0625
0 0.5152582159624414 0.9729166666666667 0.014084507042253521 0.05
0 0.7564553990610329 0.18645833333333334 0.04342723004694836 0.06041666666666667
0 0.6003521126760564 0.775 0.022300469483568074 0.04583333333333333
0 0.3902582159624413 0.7895833333333333 0.02699530516431925 0.07916666666666666
0 0.38161971830985914 0.5682708333333333 0.033192488262910796 0.10320833333333333
0 0.4284037558685446 0.759375 0.03051643192488263 0.052083333333333336
0 0.5211267605633803 0.6895833333333333 0.025821596244131457 0.07083333333333333
0 0.3884976525821596 0.934375 0.03051643192488263 0.07291666666666667
0 0.5469483568075117 0.96875 0.023474178403755867 0.058333333333333334
0 0.6032863849765259 0.2604166666666667 0.05868544600938967 0.07916666666666666
0 0.44793427230046945 0.9230416666666666 0.030950704225352114 0.0759375
0 0.4043427230046948 0.584375 0.02699530516431925 0.07708333333333334
0 0.585093896713615 0.928125 0.03169014084507042 0.08541666666666667
0 0.6038732394366197 0.7895833333333333 0.029342723004694836 0.075
0 0.4688967136150235 0.8416666666666667 0.03169014084507042 0.07083333333333333
0 0.6009389671361502 0.4739583333333333 0.03755868544600939 0.06875
0 0.4612676056338028 0.7645833333333333 0.03286384976525822 0.06666666666666667
0 0.6085680751173709 0.48333333333333334 0.022300469483568074 0.05416666666666667
0 0.579225352112676 0.815625 0.03403755868544601 0.06875
0 0.4826643192488263 0.9256875 0.03936619718309859 0.059250000000000004