0 0.9841549295774648 0.65625 0.029342723004694836 0.15416666666666667
0 0.4518779342723005 0.7854166666666667 0.025821596244131457 0.07083333333333333
0 0.20481220657276994 0.71875 0.045774647887323945 0.075
0 0.2546948356807512 0.6416666666666667 0.04929577464788732 0.058333333333333334
0 0.29460093896713613 0.29583333333333334 0.03755868544600939 0.05416666666666667
0 0.08274647887323944 0.2833333333333333 0.11619718309859155 0.09583333333333334
0 0.24354460093896713 0.31666666666666665 0.05516431924882629 0.07083333333333333
0 0.4254694835680751 0.59375 0.02699530516431925 0.05416666666666667
0 0.3738262910798122 0.7020833333333333 0.04107981220657277 0.0625
0 0.38497652582159625 0.5166666666666667 0.03051643192488263 0.058333333333333334
0 0.13204225352112675 0.37604166666666666 0.05516431924882629 0.04791666666666667
0 0.19190140845070422 0.6635416666666667 0.03873239436619718 0.06041666666666667
0 0.4788732394366197 0.5760416666666667 0.035211267605633804 0.06458333333333334
0 0.24612676056338026 0.5081666666666667 0.04367370892018779 0.11404166666666667
0 0.2834507042253521 0.4114583333333333 0.04342723004694836 0.08958333333333333
0 0.09976525821596244 0.2989583333333333 0.08215962441314555 0.06458333333333334
0 0.4055164319248826 0.38125 0.04342723004694836 0.06666666666666667
0 0.11854460093896714 0.60625 0.046948356807511735 0.05416666666666667
0 0.08509389671361503 0.4010416666666667 0.0528169014084507 0.04375
0 0.7599765258215962 0.40625 0.01995305164319249 0.07916666666666666
0 0.06514084507042253 0.2604166666666667 0.08098591549295775 0.05416666666666667
0 0.36619718309859156 0.46979166666666666 0.02112676056338028 0.04375
0 0.2977582159624413 0.5555208333333332 0.053063380281690144 0.11029166666666666
0 0.3210093896713615 0.45729166666666665 0.03873239436619718 0.04791666666666667
0 0.22124413145539906 0.39375 0.036384976525821594 0.058333333333333334
0 0.07570422535211267 0.653125 0.045774647887323945 0.052083333333333336
0 0.4735915492957746 0.646875 0.02699530516431925 0.035416666666666666
0 0.1467136150234742 0.7239583333333334 0.06103286384976526 0.06041666666666667
0 0.5404929577464789 0.38229166666666664 0.05046948356807512 0.05625
0 0.43485915492957744 0.671875 0.03169014084507042 0.06041666666666667
0 0.7517605633802817 0.475 0.05046948356807512 0.09166666666666666
0 0.19014084507042253 0.4739583333333333 0.056338028169014086 0.052083333333333336
0 0.008215962441314555 0.4041666666666667 0.01643192488262911 0.029166666666666667
0 0.02293427230046948 0.66575 0.0442018779342723 0.08591666666666667
0 0.025176056338028167 0.586 0.05036384976525821 0.07497916666666667
0 0.04607981220657277 0.5094583333333333 0.042711267605633804 0.07654166666666667