0 0.562793427230047 0.09583333333333334 0.029342723004694836 0.075
0 0.43838028169014087 0.2947916666666667 0.02464788732394366 0.05625
0 0.528755868544601 0.26979166666666665 0.029342723004694836 0.06041666666666667
0 0.3796948356807512 0.5385416666666667 0.03169014084507042 0.06875
0 0.5563380281690141 0.29583333333333334 0.02112676056338028 0.05
0 0.528755868544601 0.478125 0.02699530516431925 0.05625
0 0.297981220657277 0.9452708333333334 0.049213615023474176 0.10947916666666666
0 0.34330985915492956 0.9708333333333333 0.01995305164319249 0.05
0 0.5211267605633803 0.6302083333333334 0.028169014084507043 0.06041666666666667
0 0.5082159624413145 0.7114583333333333 0.023474178403755867 0.06458333333333334
0 0.5117370892018779 0.85625 0.02112676056338028 0.05416666666666667
0 0.6367370892018779 0.4354166666666667 0.02464788732394366 0.058333333333333334
0 0.5076291079812206 0.44375 0.022300469483568074 0.041666666666666664
0 0.2564553990610329 0.95 0.036384976525821594 0.08333333333333333
0 0.45481220657276994 0.44479166666666664 0.017605633802816902 0.05625
0 0.42077464788732394 0.7791666666666667 0.022300469483568074 0.075
0 0.33098591549295775 0.7135416666666666 0.023474178403755867 0.04791666666666667
0 0.7007042253521126 0.096875 0.035211267605633804 0.08958333333333333
0 0.38791079812206575 0.834375 0.03169014084507042 0.05625
0 0.4536384976525822 0.928125 0.03169014084507042 0.07291666666666667
0 0.8403755868544601 0.28229166666666666 0.03755868544600939 0.05625
0 0.4460093896713615 0.9895833333333334 0.011737089201877934 0.016666666666666666
0 0.6572769953051644 0.4 0.028169014084507043 0.05416666666666667
0 0.4865023474178404 0.6302083333333334 0.02699530516431925 0.06458333333333334
0 0.4647887323943662 0.32083333333333336 0.028169014084507043 0.05
0 0.3644366197183099 0.7864583333333334 0.02699530516431925 0.06458333333333334
0 0.47593896713615025 0.70625 0.029342723004694836 0.06666666666666667
0 0.34800469483568075 0.71875 0.029342723004694836 0.07083333333333333
0 0.36032863849765256 0.8875 0.028169014084507043 0.05416666666666667
0 0.5346244131455399 0.9010416666666666 0.029342723004694836 0.05625