0 0.03345070422535211 0.29791666666666666 0.06690140845070422 0.07083333333333333
0 0.13145539906103287 0.28541666666666665 0.06807511737089202 0.08333333333333333
0 0.528755868544601 0.7979166666666667 0.04107981220657277 0.07083333333333333
0 0.43661971830985913 0.728125 0.03755868544600939 0.06458333333333334
0 0.22535211267605634 0.26875 0.051643192488262914 0.058333333333333334
0 0.4812206572769953 0.5989583333333334 0.025821596244131457 0.05625
0 0.5404929577464789 0.5979166666666667 0.02464788732394366 0.07083333333333333
0 0.6402582159624414 0.509375 0.02464788732394366 0.03125
0 0.18251173708920188 0.3958333333333333 0.057511737089201875 0.05416666666666667
0 0.48063380281690143 0.37604166666666666 0.04107981220657277 0.11875
0 0.036384976525821594 0.415625 0.07276995305164319 0.05625
0 0.5504694835680751 0.6677083333333333 0.046948356807511735 0.06458333333333334
0 0.1267605633802817 0.4354166666666667 0.06572769953051644 0.0625
0 0.24882629107981222 0.496875 0.056338028169014086 0.07291666666666667
0 0.4460093896713615 0.5520833333333334 0.03051643192488263 0.05416666666666667
0 0.22711267605633803 0.7729166666666667 0.07629107981220658 0.09166666666666666
0 0.13321596244131456 0.42291666666666666 0.0528169014084507 0.0375
0 0.33098591549295775 0.35625 0.04929577464788732 0.06666666666666667
0 0.15669014084507044 0.6333333333333333 0.045774647887323945 0.058333333333333334
0 0.642018779342723 0.43645833333333334 0.023474178403755867 0.03958333333333333
0 0.31739436619718314 0.56025 0.04964788732394366 0.07050000000000001
0 0.3301995305164319 0.49564583333333334 0.04110328638497653 0.0663125
0 0.37089201877934275 0.4625 0.03286384976525822 0.05416666666666667
0 0.3580516431924883 0.6377291666666667 0.02483568075117371 0.06622916666666666
0 0.3708568075117371 0.5786041666666667 0.05044600938967136 0.07839583333333335
0 0.41607981220657275 0.5114583333333333 0.02699530516431925 0.035416666666666666
0 0.6273474178403756 0.37395833333333334 0.02464788732394366 0.06041666666666667
0 0.11678403755868545 0.453125 0.045774647887323945 0.027083333333333334
0 0.013497652582159625 0.48541666666666666 0.02699530516431925 0.020833333333333332
0 0.5052816901408451 0.6927083333333334 0.04342723004694836 0.06041666666666667
0 0.0698356807511737 0.5958333333333333 0.06455399061032864 0.075
0 0.29284037558685444 0.65625 0.02464788732394366 0.058333333333333334
0 0.232981220657277 0.7010416666666667 0.03873239436619718 0.07291666666666667
0 0.008215962441314555 0.3729166666666667 0.01643192488262911 0.025
0 0.0880281690140845 0.6979166666666666 0.08450704225352113 0.0625
0 0.2881455399061033 0.40520833333333334 0.03873239436619718 0.06041666666666667
0 0.43688967136150236 0.43029166666666663 0.05815727699530516 0.10604166666666666