0 0.11678403755868545 0.675 0.06690140845070422 0.075
0 0.3368544600938967 0.30104166666666665 0.046948356807511735 0.06041666666666667
0 0.556924882629108 0.41041666666666665 0.04107981220657277 0.06666666666666667
0 0.79518779342723 0.6447916666666667 0.057511737089201875 0.06041666666666667
0 0.8843896713615024 0.4625 0.057511737089201875 0.058333333333333334
0 0.04470657276995305 0.5998125000000001 0.04908450704225352 0.07535416666666667
0 0.4272300469483568 0.42916666666666664 0.03051643192488263 0.05
0 0.47007042253521125 0.49895833333333334 0.022300469483568074 0.04375
0 0.8791079812206573 0.4010416666666667 0.051643192488262914 0.05625
0 0.7097769953051644 0.6926041666666667 0.04631455399061033 0.06891666666666667
0 0.573943661971831 0.53125 0.035211267605633804 0.05
0 0.664906103286385 0.4270833333333333 0.02464788732394366 0.05
0 0.7089201877934272 0.59375 0.03990610328638498 0.05
0 0.7347417840375586 0.42916666666666664 0.04225352112676056 0.058333333333333334
0 0.8568075117370892 0.5177083333333333 0.056338028169014086 0.04375
0 0.6631455399061033 0.3802083333333333 0.025821596244131457 0.06041666666666667
0 0.8697183098591549 0.6552083333333333 0.03990610328638498 0.04791666666666667
0 0.7482394366197183 0.571875 0.04342723004694836 0.04791666666666667
0 0.619131455399061 0.58125 0.062206572769953054 0.05
0 0.8186619718309859 0.5489583333333333 0.05046948356807512 0.04791666666666667
0 0.6109154929577465 0.45729166666666665 0.022300469483568074 0.05625
0 0.6073943661971831 0.5770833333333333 0.03873239436619718 0.0375
0 0.7769953051643192 0.4979166666666667 0.056338028169014086 0.058333333333333334
0 0.9307511737089202 0.6114583333333333 0.04460093896713615 0.05625
0 0.9806338028169014 0.6052083333333333 0.036384976525821594 0.03958333333333333
0 0.7253521126760564 0.5354166666666667 0.03755868544600939 0.041666666666666664
0 0.7987089201877934 0.4791666666666667 0.04342723004694836 0.075
0 0.9870892018779343 0.5395833333333333 0.023474178403755867 0.016666666666666666
0 0.6965962441314554 0.6447916666666667 0.03873239436619718 0.06875
0 0.9301643192488263 0.6625 0.05516431924882629 0.0625
0 0.8251173708920188 0.6052083333333333 0.0539906103286385 0.05625
0 0.7260328638497653 0.7347291666666667 0.03193661971830986 0.0540625