0 0.2300469483568075 0.48020833333333335 0.025821596244131457 0.06458333333333334
0 0.5181924882629108 0.4822916666666667 0.015258215962441314 0.04375
0 0.6396713615023474 0.8479166666666667 0.023474178403755867 0.06666666666666667
0 0.5868544600938967 0.9385416666666667 0.014084507042253521 0.04375
0 0.5252347417840375 0.8197916666666667 0.022300469483568074 0.035416666666666666
0 0.48063380281690143 0.79375 0.015258215962441314 0.020833333333333332
0 0.3865258215962441 0.48370833333333335 0.03427230046948357 0.06289583333333333
0 0.41309859154929573 0.6043958333333334 0.02721830985915493 0.07925
0 0.40968309859154933 0.5072083333333334 0.02039906103286385 0.04927083333333333
0 0.43892018779342723 0.5051041666666667 0.032957746478873236 0.049625
0 0.43892018779342723 0.44297916666666665 0.030199530516431924 0.05945833333333333
0 0.47769953051643194 0.465625 0.014084507042253521 0.03125
0 0.4964788732394366 0.675 0.02112676056338028 0.04583333333333333
0 0.3615023474178404 0.315625 0.023474178403755867 0.04375
0 0.4588732394366197 0.6064791666666667 0.02102112676056338 0.04172916666666667
0 0.4817018779342723 0.6089375 0.014401408450704225 0.03289583333333333
0 0.4395539906103286 0.5845 0.01868544600938967 0.043250000000000004
0 0.4544953051643193 0.5634583333333333 0.019730046948356807 0.0329375
0 0.4779694835680751 0.5738958333333334 0.018673708920187795 0.03716666666666667
0 0.5002699530516432 0.5869583333333334 0.01568075117370892 0.03139583333333333
0 0.5193661971830986 0.5875 0.01056338028169014 0.03333333333333333
0 0.4612676056338028 0.41458333333333336 0.014084507042253521 0.0375
0 0.4612676056338028 0.6604166666666667 0.014084507042253521 0.029166666666666667
0 0.39436619718309857 0.3885416666666667 0.014084507042253521 0.027083333333333334
0 0.37910798122065725 0.496875 0.014084507042253521 0.03125
0 0.4636150234741784 0.7239583333333334 0.011737089201877934 0.022916666666666665
0 0.568075117370892 0.78125 0.01643192488262911 0.025
0 0.22124413145539906 0.01875 0.02464788732394366 0.0375
0 0.31690140845070425 0.325 0.014084507042253521 0.029166666666666667
0 0.3051643192488263 0.6833333333333333 0.02112676056338028 0.0375
0 0.34624413145539906 0.3302083333333333 0.01643192488262911 0.035416666666666666
0 0.4119718309859155 0.19791666666666666 0.018779342723004695 0.03333333333333333
0 0.4254694835680751 0.3625 0.015258215962441314 0.041666666666666664
0 0.397887323943662 0.19583333333333333 0.014084507042253521 0.0375
0 0.33392018779342725 0.3572916666666667 0.015258215962441314 0.03125
0 0.3996478873239437 0.278125 0.012910798122065728 0.027083333333333334
0 0.5181924882629108 0.5416666666666666 0.022300469483568074 0.0375
0 0.4354460093896714 0.31666666666666665 0.014084507042253521 0.03333333333333333
0 0.41431924882629106 0.371875 0.014084507042253521 0.03958333333333333
0 0.4953051643192488 0.775 0.01643192488262911 0.025
0 0.6795774647887324 0.7291666666666666 0.028169014084507043 0.05416666666666667
0 0.3051643192488263 0.35208333333333336 0.01643192488262911 0.025
0 0.6449530516431925 0.865625 0.012910798122065728 0.03125
0 0.08626760563380281 0.29583333333333334 0.012910798122065728 0.025
0 0.3626760563380282 0.4354166666666667 0.01643192488262911 0.029166666666666667
0 0.2282863849765258 0.4979166666666667 0.022300469483568074 0.03333333333333333
0 0.6860328638497653 0.7385416666666667 0.015258215962441314 0.03125
0 0.43838028169014087 0.6583333333333333 0.01995305164319249 0.0375
0 0.5269953051643192 0.721875 0.018779342723004695 0.03125
0 0.5275821596244131 0.709375 0.022300469483568074 0.05625
0 0.41901408450704225 0.3125 0.018779342723004695 0.041666666666666664
0 0.3615023474178404 0.190625 0.009389671361502348 0.027083333333333334
0 0.9923708920187794 0.875 0.012910798122065728 0.07083333333333333
0 0.3714788732394366 0.43020833333333336 0.03403755868544601 0.04375
0 0.5874413145539906 0.915625 0.01995305164319249 0.03958333333333333
0 0.5811384976525822 0.7656041666666666 0.020387323943661974 0.03395833333333333