0 0.3215962441314554 0.7645833333333333 0.04929577464788732 0.06666666666666667
0 0.3204225352112676 0.5645833333333333 0.03990610328638498 0.0625
0 0.26291079812206575 0.6572916666666667 0.035211267605633804 0.04791666666666667
0 0.7987089201877934 0.40520833333333334 0.045774647887323945 0.04791666666666667
0 0.6924882629107981 0.4791666666666667 0.03051643192488263 0.05
0 0.5892018779342723 0.7666666666666667 0.03990610328638498 0.0625
0 0.5217136150234741 0.5239583333333333 0.02464788732394366 0.052083333333333336
0 0.24706572769953053 0.5166666666666667 0.03873239436619718 0.09583333333333334
0 0.6026995305164319 0.6822916666666666 0.04107981220657277 0.06041666666666667
0 0.20598591549295775 0.6020833333333333 0.045774647887323945 0.03333333333333333
0 0.7124413145539906 0.5958333333333333 0.035211267605633804 0.0375
0 0.02992957746478873 0.328125 0.05985915492957746 0.04791666666666667
0 0.9735915492957746 0.4010416666666667 0.045774647887323945 0.04375
0 0.5997652582159625 0.5510416666666667 0.028169014084507043 0.06041666666666667
0 0.8174882629107981 0.521875 0.05046948356807512 0.04375
0 0.6948356807511737 0.778125 0.035211267605633804 0.06041666666666667
0 0.06455399061032864 0.396875 0.12441314553990611 0.07291666666666667
0 0.7658450704225352 0.6229166666666667 0.036384976525821594 0.05
0 0.19718309859154928 0.703125 0.06103286384976526 0.052083333333333336
0 0.12852112676056338 0.4895833333333333 0.05985915492957746 0.08333333333333333
0 0.6901408450704225 0.5385416666666667 0.04460093896713615 0.052083333333333336
0 0.7922535211267606 0.7072916666666667 0.051643192488262914 0.05625
0 0.14084507042253522 0.6083333333333333 0.051643192488262914 0.05
0 0.4636150234741784 0.7510416666666667 0.035211267605633804 0.04791666666666667
0 0.4096244131455399 0.5864583333333333 0.023474178403755867 0.06041666666666667
0 0.3908450704225352 0.7770833333333333 0.03755868544600939 0.0375
0 0.7165492957746479 0.715625 0.04342723004694836 0.06041666666666667
0 0.48708920187793425 0.7229166666666667 0.028169014084507043 0.05416666666666667
0 0.15551643192488263 0.5489583333333333 0.07863849765258216 0.052083333333333336
0 0.7664319248826291 0.3541666666666667 0.04225352112676056 0.04583333333333333
0 0.562206572769953 0.7010416666666667 0.028169014084507043 0.04791666666666667
0 0.39730046948356806 0.6635416666666667 0.03873239436619718 0.052083333333333336
0 0.0733568075117371 0.528125 0.05985915492957746 0.04791666666666667
0 0.8456572769953051 0.6229166666666667 0.03873239436619718 0.03333333333333333
0 0.38204225352112675 0.8083333333333333 0.036384976525821594 0.0625
0 0.45598591549295775 0.5322916666666667 0.04107981220657277 0.04791666666666667
0 0.5757042253521126 0.6020833333333333 0.02464788732394366 0.0625
0 0.3573943661971831 0.6854166666666667 0.03873239436619718 0.058333333333333334
0 0.45422535211267606 0.4791666666666667 0.023474178403755867 0.04583333333333333
0 0.061619718309859156 0.64375 0.06690140845070422 0.05
0 0.8738262910798122 0.6739583333333333 0.04812206572769953 0.05625
0 0.1936619718309859 0.6260416666666667 0.035211267605633804 0.04791666666666667
0 0.14084507042253522 0.690625 0.06103286384976526 0.052083333333333336
0 0.1426056338028169 0.7322916666666667 0.062206572769953054 0.035416666666666666
0 0.5487089201877934 0.665625 0.04812206572769953 0.05625