0 0.5610328638497653 0.240625 0.018779342723004695 0.04791666666666667
0 0.4818075117370892 0.7375 0.02464788732394366 0.04583333333333333
0 0.22417840375586853 0.8854166666666666 0.025821596244131457 0.05416666666666667
0 0.5528169014084507 0.7239583333333334 0.03286384976525822 0.06041666666666667
0 0.2717136150234742 0.7104166666666667 0.02699530516431925 0.05
0 0.6044600938967136 0.28958333333333336 0.03051643192488263 0.07083333333333333
0 0.5874413145539906 0.13125 0.022300469483568074 0.041666666666666664
0 0.15258215962441316 0.9645833333333333 0.051643192488262914 0.06666666666666667
0 0.38380281690140844 0.7479166666666667 0.01643192488262911 0.0375
0 0.5721830985915493 0.478125 0.01995305164319249 0.04791666666666667
0 0.5528169014084507 0.56875 0.023474178403755867 0.0375
0 0.5980046948356808 0.16770833333333332 0.03873239436619718 0.052083333333333336
0 0.30985915492957744 0.7302083333333333 0.03051643192488263 0.06458333333333334
0 0.2634976525821596 0.98125 0.03169014084507042 0.03333333333333333
0 0.5980046948356808 0.23541666666666666 0.022300469483568074 0.041666666666666664
0 0.6666666666666666 0.14583333333333334 0.025821596244131457 0.05
0 0.6562089201877934 0.11960416666666666 0.03307511737089202 0.0641875
0 0.545774647887324 0.46875 0.023474178403755867 0.0375
0 0.4125586854460094 0.48854166666666665 0.01995305164319249 0.035416666666666666
0 0.4636150234741784 0.5489583333333333 0.028169014084507043 0.04375
0 0.36384976525821594 0.696875 0.02112676056338028 0.04375
0 0.7928403755868545 0.05625 0.04107981220657277 0.05
0 0.3057511737089202 0.7416666666666667 0.022300469483568074 0.041666666666666664
0 0.4536384976525822 0.521875 0.02464788732394366 0.04375
0 0.3826291079812207 0.5510416666666667 0.028169014084507043 0.05625
0 0.335093896713615 0.775 0.03169014084507042 0.0625
0 0.22300469483568075 0.8447916666666667 0.025821596244131457 0.04791666666666667
0 0.5299295774647887 0.5354166666666667 0.02699530516431925 0.05416666666666667
0 0.45892018779342725 0.715625 0.01643192488262911 0.035416666666666666
0 0.3474178403755869 0.6885416666666667 0.023474178403755867 0.03958333333333333