0 0.5827464788732394 0.26458333333333334 0.04107981220657277 0.09166666666666666
0 0.4788732394366197 0.3104166666666667 0.03286384976525822 0.08333333333333333
0 0.5492957746478874 0.34270833333333334 0.03286384976525822 0.052083333333333336
0 0.6068075117370892 0.75625 0.04225352112676056 0.09166666666666666
0 0.5985915492957746 0.86875 0.03051643192488263 0.07916666666666666
0 0.45011737089201875 0.35104166666666664 0.029342723004694836 0.06041666666666667
0 0.6502347417840375 0.7635416666666667 0.035211267605633804 0.08541666666666667
0 0.45129107981220656 0.8510416666666667 0.03403755868544601 0.12708333333333333
0 0.4953051643192488 0.9677083333333333 0.03286384976525822 0.06041666666666667
0 0.41784037558685444 0.9322916666666666 0.04460093896713615 0.11041666666666666
0 0.5868544600938967 0.659375 0.03755868544600939 0.04791666666666667
0 0.3984741784037559 0.4041666666666667 0.029342723004694836 0.09166666666666666
0 0.36561032863849763 0.03333333333333333 0.02464788732394366 0.06666666666666667
0 0.6120892018779343 0.6260416666666667 0.03169014084507042 0.06875
0 0.40082159624413144 0.8177083333333334 0.029342723004694836 0.06041666666666667
0 0.5275821596244131 0.8427083333333333 0.02699530516431925 0.09375
0 0.7482394366197183 0.10520833333333333 0.05516431924882629 0.05625
0 0.5534037558685446 0.8395833333333333 0.02464788732394366 0.04583333333333333
0 0.3785211267605634 0.6270833333333333 0.03873239436619718 0.04583333333333333
0 0.3908450704225352 0.03125 0.035211267605633804 0.0625
0 0.3714788732394366 0.390625 0.03873239436619718 0.08958333333333333
0 0.4102112676056338 0.65 0.012910798122065728 0.05
0 0.4102112676056338 0.6625 0.022300469483568074 0.075
0 0.5586854460093896 0.019791666666666666 0.028169014084507043 0.03958333333333333