0 0.8078638497652582 0.5581458333333333 0.03856807511737089 0.058687500000000004
0 0.7925000000000001 0.5172291666666667 0.026619718309859156 0.049625
0 0.8031572769953051 0.47689583333333335 0.042523474178403756 0.04014583333333333
0 0.8072183098591549 0.44145833333333334 0.035575117370892015 0.049666666666666665
0 0.8172417840375586 0.3973333333333333 0.03142018779342723 0.0476875
0 0.8356807511737089 0.353125 0.03051643192488263 0.03125
0 0.9413145539906104 0.565625 0.03990610328638498 0.027083333333333334
0 0.960093896713615 0.671875 0.023474178403755867 0.035416666666666666
0 0.7922535211267606 0.6104166666666667 0.028169014084507043 0.03333333333333333
0 0.8828638497652582 0.6458541666666666 0.03665492957746479 0.07341666666666667
0 0.8872417840375586 0.5930208333333333 0.03346244131455399 0.04958333333333333
0 0.9360328638497653 0.6010416666666667 0.04107981220657277 0.03958333333333333
0 0.04753521126760563 0.5041666666666667 0.062206572769953054 0.14166666666666666
0 0.719518779342723 0.42704166666666665 0.04964788732394366 0.06331250000000001
0 0.7207981220657277 0.37402083333333336 0.04339201877934272 0.042749999999999996
0 0.8318661971830986 0.5090833333333333 0.026830985915492957 0.03939583333333333