0 0.5193661971830986 0.6072916666666667 0.04342723004694836 0.09791666666666667
0 0.8908450704225352 0.8010416666666667 0.06572769953051644 0.06458333333333334
0 0.4865023474178404 0.48333333333333334 0.02464788732394366 0.03333333333333333
0 0.5422535211267606 0.7041666666666667 0.03990610328638498 0.05416666666666667
0 0.8615023474178404 0.7 0.06103286384976526 0.058333333333333334
0 0.636150234741784 0.75625 0.03286384976525822 0.0625
0 0.47183098591549294 0.4270833333333333 0.025821596244131457 0.0625
0 0.7963615023474179 0.46770833333333334 0.036384976525821594 0.06041666666666667
0 0.6038732394366197 0.6052083333333333 0.036384976525821594 0.05625
0 0.9606807511737089 0.6822916666666666 0.06455399061032864 0.06875
0 0.681924882629108 0.5260416666666666 0.04460093896713615 0.07708333333333334
0 0.8063380281690141 0.7010416666666667 0.06103286384976526 0.07708333333333334
0 0.6807511737089202 0.5833333333333334 0.07042253521126761 0.05
0 0.7476525821596244 0.7947916666666667 0.04929577464788732 0.06041666666666667
0 0.9800469483568075 0.8260416666666667 0.03755868544600939 0.05625
0 0.6948356807511737 0.75625 0.035211267605633804 0.05416666666666667
0 0.6907276995305164 0.6802083333333333 0.036384976525821594 0.06875
0 0.7599765258215962 0.703125 0.04812206572769953 0.05625
0 0.9014084507042254 0.6572916666666667 0.05868544600938967 0.04791666666666667
0 0.20363849765258216 0.4708333333333333 0.036384976525821594 0.04583333333333333
0 0.9806338028169014 0.6302083333333334 0.036384976525821594 0.03958333333333333
0 0.14788732394366197 0.5208333333333334 0.04929577464788732 0.0375
0 0.9753521126760564 0.5875 0.046948356807511735 0.04583333333333333
0 0.1437793427230047 0.5802083333333333 0.04107981220657277 0.06041666666666667
0 0.7488262910798122 0.834375 0.04460093896713615 0.052083333333333336
0 0.789906103286385 0.5197916666666667 0.025821596244131457 0.052083333333333336
0 0.6343896713615024 0.6385416666666667 0.029342723004694836 0.052083333333333336