0 0.5305164319248826 0.40625 0.03755868544600939 0.07083333333333333
0 0.6602112676056338 0.48854166666666665 0.045774647887323945 0.06041666666666667
0 0.7987089201877934 0.509375 0.05985915492957746 0.09791666666666667
0 0.7365023474178404 0.634375 0.029342723004694836 0.06041666666666667
0 0.33568075117370894 0.4083333333333333 0.03990610328638498 0.09583333333333334
0 0.24354460093896713 0.4427083333333333 0.04107981220657277 0.04791666666666667
0 0.1965962441314554 0.6875 0.062206572769953054 0.058333333333333334
0 0.8697183098591549 0.14479166666666668 0.07276995305164319 0.06041666666666667
0 0.22241784037558684 0.4979166666666667 0.036384976525821594 0.05
0 0.3333333333333333 0.43125 0.035211267605633804 0.05
0 0.19072769953051644 0.28541666666666665 0.05516431924882629 0.05416666666666667
0 0.241537558685446 0.6288125 0.03591549295774648 0.057520833333333334
0 0.2657629107981221 0.5642083333333333 0.04509389671361502 0.076875
0 0.20163145539906102 0.6028749999999999 0.05072769953051643 0.0610625
0 0.1706924882629108 0.5240625 0.06994131455399061 0.08527083333333334
0 0.16119718309859155 0.4471458333333333 0.053086854460093896 0.06020833333333333
0 0.16044600938967135 0.38256249999999997 0.05287558685446009 0.0741875
0 0.08854460093896713 0.4406875 0.055950704225352116 0.051187500000000004
0 0.11980046948356807 0.37383333333333335 0.04711267605633803 0.0613125
0 0.04767605633802817 0.32741666666666663 0.047981220657277 0.07833333333333334
0 0.08309859154929577 0.2535208333333333 0.0775 0.0770625
0 0.06752347417840376 0.6049375 0.05316901408450704 0.067375
0 0.03285211267605634 0.48370833333333335 0.04179577464788732 0.06895833333333333
0 0.01664319248826291 0.6436041666666666 0.03328638497652582 0.050687499999999996
0 0.13474178403755868 0.6375208333333333 0.042511737089201876 0.07797916666666667
0 0.07018779342723004 0.40358333333333335 0.04392018779342723 0.05639583333333333
0 0.02293427230046948 0.4192916666666667 0.0442018779342723 0.05991666666666667