0 0.2726643192488263 0.4530416666666667 0.019518779342723003 0.026916666666666665
0 0.33274647887323944 0.265625 0.02464788732394366 0.04791666666666667
0 0.6320422535211268 0.98125 0.012910798122065728 0.03333333333333333
0 0.39955399061032865 0.5458541666666666 0.021889671361502345 0.04170833333333333
0 0.423556338028169 0.5509583333333333 0.016549295774647886 0.040562499999999994
0 0.4518309859154929 0.5685833333333333 0.014389671361502347 0.0340625
0 0.4633568075117371 0.5221666666666667 0.025492957746478872 0.017041666666666667
0 0.49061032863849763 0.4875 0.018779342723004695 0.03333333333333333
0 0.5669014084507042 0.8802083333333334 0.011737089201877934 0.027083333333333334
0 0.5140845070422535 0.7302083333333333 0.014084507042253521 0.027083333333333334
0 0.534037558685446 0.6552083333333333 0.009389671361502348 0.022916666666666665
0 0.5052816901408451 0.784375 0.01056338028169014 0.03125
0 0.38620892018779346 0.49452083333333335 0.014424882629107981 0.041291666666666664
0 0.3963967136150235 0.4851875 0.015833333333333335 0.03075
0 0.42367370892018785 0.4607708333333333 0.015610328638497654 0.02664583333333333
0 0.44963615023474174 0.4623125 0.017910798122065728 0.03247916666666666
0 0.45011737089201875 0.4197916666666667 0.015258215962441314 0.035416666666666666
0 0.47593896713615025 0.2708333333333333 0.02699530516431925 0.04583333333333333
0 0.5434272300469484 0.5489583333333333 0.014084507042253521 0.027083333333333334
0 0.3651291079812206 0.4233333333333333 0.017136150234741784 0.022979166666666665
0 0.37265258215962443 0.38958333333333334 0.017605633802816902 0.029166666666666667
0 0.5164319248826291 0.8520833333333333 0.014084507042253521 0.020833333333333332
0 0.4794600938967136 0.609375 0.015258215962441314 0.035416666666666666
0 0.443075117370892 0.671875 0.01995305164319249 0.06041666666666667
0 0.45481220657276994 0.6145833333333334 0.01056338028169014 0.025
0 0.4647887323943662 0.6604166666666667 0.018779342723004695 0.041666666666666664
0 0.5475352112676056 0.5604166666666667 0.008215962441314555 0.029166666666666667
0 0.40023474178403756 0.5416666666666666 0.014084507042253521 0.029166666666666667
0 0.5492957746478874 0.7114583333333333 0.007042253521126761 0.014583333333333334
0 0.3444835680751174 0.40625 0.015258215962441314 0.029166666666666667
0 0.27582159624413144 0.47604166666666664 0.01643192488262911 0.03125
0 0.3703051643192488 0.34270833333333334 0.015258215962441314 0.027083333333333334
0 0.3532863849765258 0.38229166666666664 0.014084507042253521 0.03125
0 0.5357981220657277 0.7229166666666667 0.012910798122065728 0.025
0 0.38741784037558685 0.33629166666666666 0.01977699530516432 0.042145833333333334
0 0.40214788732394363 0.3282083333333333 0.017476525821596246 0.03183333333333333
0 0.41784037558685444 0.32395833333333335 0.023474178403755867 0.03958333333333333
0 0.47300469483568075 0.7479166666666667 0.009389671361502348 0.020833333333333332
0 0.5357981220657277 0.8364583333333333 0.01056338028169014 0.01875
0 0.5578755868544601 0.8201666666666667 0.019964788732394368 0.030895833333333334
0 0.46943661971830986 0.5653541666666667 0.015469483568075117 0.0215625
0 0.46524647887323944 0.37266666666666665 0.02097417840375587 0.041
0 0.43928403755868545 0.380625 0.019448356807511738 0.029708333333333333
0 0.40719483568075115 0.42070833333333335 0.02755868544600939 0.0320625
0 0.4128286384976526 0.38947916666666665 0.018028169014084508 0.01825
0 0.4091666666666667 0.47479166666666667 0.013967136150234743 0.03910416666666667
0 0.43276995305164323 0.4851875 0.01846244131455399 0.03075
0 0.49619718309859157 0.6672499999999999 0.019014084507042252 0.03295833333333333
0 0.5040258215962441 0.6330208333333334 0.01964788732394366 0.03239583333333333
0 0.5500352112676057 0.6452708333333333 0.019788732394366196 0.034124999999999996