0 0.9342723004694836 0.5614583333333333 0.03990610328638498 0.03958333333333333
0 0.20950704225352113 0.425 0.04107981220657277 0.05
0 0.10387323943661972 0.715625 0.04107981220657277 0.03125
0 0.5880281690140845 0.7489583333333333 0.018779342723004695 0.035416666666666666
0 0.15316901408450703 0.58125 0.036384976525821594 0.0375
0 0.9501173708920188 0.596875 0.04107981220657277 0.035416666666666666
0 0.702018779342723 0.4092708333333333 0.03997652582159625 0.0601875
0 0.6487793427230046 0.46950000000000003 0.033791079812206574 0.051895833333333335
0 0.6010915492957747 0.7036458333333333 0.03811032863849765 0.05558333333333333
0 0.571537558685446 0.6335625 0.03807511737089202 0.057291666666666664
0 0.6086619718309859 0.6602708333333334 0.030387323943661972 0.0584375
0 0.6327816901408451 0.615 0.03166666666666667 0.07016666666666667
0 0.6783333333333333 0.5376875 0.045798122065727705 0.06931250000000001
0 0.7982511737089202 0.6451250000000001 0.03185446009389671 0.07358333333333333
0 0.4532159624413145 0.6705208333333333 0.037453051643192486 0.08647916666666666
0 0.4982394366197183 0.6310833333333333 0.03041079812206573 0.05297916666666667
0 0.5458215962441315 0.5998541666666667 0.03488262910798122 0.07014583333333334
0 0.5535093896713614 0.4797291666666667 0.033169014084507044 0.06477083333333333
0 0.47988262910798124 0.5968125000000001 0.030199530516431924 0.07014583333333334
0 0.4941784037558686 0.5299375000000001 0.03403755868544601 0.05533333333333333
0 0.35302816901408446 0.6528958333333333 0.03469483568075117 0.0701875
0 0.3728755868544601 0.5818333333333333 0.025481220657276996 0.04541666666666667
0 0.4072300469483568 0.5291875 0.03725352112676056 0.084125
0 0.4463849765258216 0.49375 0.03233568075117371 0.07008333333333333
0 0.4088262910798122 0.6491041666666667 0.03063380281690141 0.05654166666666667
0 0.3627347417840376 0.4990625 0.027230046948356807 0.050395833333333334
0 0.3124882629107981 0.6362291666666666 0.03556338028169014 0.05197916666666667
0 0.32460093896713615 0.504875 0.03713615023474178 0.0534375
0 0.2708920187793427 0.6131458333333334 0.02301643192488263 0.04520833333333333
0 0.3016079812206573 0.6018958333333334 0.02448356807511737 0.058229166666666665
0 0.31653755868544603 0.5613125 0.027676056338028165 0.040937499999999995
0 0.33512910798122064 0.5833125 0.02443661971830986 0.0523125
0 0.2393075117370892 0.6503958333333333 0.021490610328638495 0.04825
0 0.26549295774647885 0.6483958333333334 0.026349765258215963 0.05422916666666667
0 0.2859507042253521 0.5409583333333334 0.02381455399061033 0.03808333333333334
0 0.28055164319248826 0.4371875 0.0410093896713615 0.06949999999999999
0 0.244037558685446 0.5387083333333333 0.031948356807511735 0.059604166666666666
0 0.2619600938967136 0.49504166666666666 0.03448356807511737 0.05035416666666667
0 0.2371713615023474 0.6132500000000001 0.03288732394366197 0.0525625
0 0.07684272300469483 0.6132500000000001 0.034776995305164315 0.0525625
0 0.08257042253521125 0.50475 0.04890845070422535 0.0934375
0 0.1610093896713615 0.4749166666666667 0.03334507042253521 0.0533125
0 0.09563380281690141 0.5809583333333334 0.03238262910798122 0.037625
0 0.21357981220657277 0.5016666666666667 0.03102112676056338 0.0446875
0 0.18846244131455397 0.5363333333333333 0.038626760563380276 0.051083333333333335
0 0.20464788732394368 0.6531041666666667 0.03183098591549296 0.07829166666666666
0 0.2021830985915493 0.5983541666666666 0.02822769953051643 0.03691666666666667
0 0.12694835680751174 0.4136458333333334 0.04436619718309859 0.06735416666666666