0 0.3163145539906103 0.2864583333333333 0.036384976525821594 0.04375
0 0.5393192488262911 0.7489583333333333 0.03403755868544601 0.08125
0 0.20011737089201878 0.7145833333333333 0.06455399061032864 0.0625
0 0.2869718309859155 0.703125 0.04812206572769953 0.07708333333333334
0 0.40082159624413144 0.684375 0.04342723004694836 0.06875
0 0.1437793427230047 0.38958333333333334 0.057511737089201875 0.04583333333333333
0 0.38673708920187794 0.359375 0.03873239436619718 0.05625
0 0.4694835680751174 0.453125 0.04460093896713615 0.04791666666666667
0 0.2546948356807512 0.28020833333333334 0.051643192488262914 0.052083333333333336
0 0.2640845070422535 0.32395833333333335 0.04225352112676056 0.04791666666666667
0 0.0422300469483568 0.3848333333333333 0.06910798122065728 0.0605625
0 0.06338028169014084 0.3333333333333333 0.06572769953051644 0.058333333333333334
0 0.284037558685446 0.6447916666666667 0.035211267605633804 0.035416666666666666
0 0.2106807511737089 0.653125 0.04812206572769953 0.05625
0 0.2769600938967136 0.5024791666666667 0.03492957746478873 0.06479166666666666
0 0.3213380281690141 0.49166666666666664 0.03833333333333333 0.062125
0 0.35954225352112673 0.4640208333333333 0.025093896713615022 0.05985416666666667
0 0.38791079812206575 0.4114583333333333 0.029342723004694836 0.052083333333333336
0 0.29008215962441314 0.44164583333333335 0.0632981220657277 0.03785416666666667
0 0.2975352112676056 0.3729166666666667 0.04342723004694836 0.05416666666666667
0 0.49178403755868544 0.6479166666666667 0.04460093896713615 0.10833333333333334
0 0.448943661971831 0.4010416666666667 0.03873239436619718 0.052083333333333336
0 0.13615023474178403 0.6541666666666667 0.04929577464788732 0.05416666666666667
0 0.19014084507042253 0.47708333333333336 0.046948356807511735 0.041666666666666664
0 0.4835680751173709 0.6666666666666666 0.028169014084507043 0.07083333333333333
0 0.19718309859154928 0.421875 0.04460093896713615 0.04375
0 0.04225352112676056 0.6802083333333333 0.056338028169014086 0.04791666666666667
0 0.2130281690140845 0.37916666666666665 0.057511737089201875 0.041666666666666664
0 0.1267605633802817 0.6989583333333333 0.056338028169014086 0.05625
0 0.07042253521126761 0.63125 0.06338028169014084 0.05
0 0.5498826291079812 0.6635416666666667 0.03873239436619718 0.05625
0 0.4301643192488263 0.44895833333333335 0.03169014084507042 0.035416666666666666
0 0.20248826291079813 0.5808958333333333 0.043896713615023474 0.06256250000000001
0 0.23843896713615023 0.5479375 0.045387323943661975 0.0648125
0 0.3642370892018779 0.5134375 0.033802816901408454 0.05720833333333333
0 0.23876760563380284 0.4761458333333334 0.039624413145539904 0.05379166666666667
0 0.15373239436619718 0.5604375 0.05095070422535211 0.0519375
0 0.14455399061032864 0.4880833333333333 0.05394366197183099 0.06629166666666667
0 0.09867370892018779 0.4592708333333333 0.06035211267605634 0.05416666666666667
0 0.03807511737089202 0.5127083333333333 0.05865023474178404 0.047374999999999994
0 0.05151408450704226 0.4501875 0.07273474178403756 0.06627083333333333
0 0.07253521126760563 0.5742708333333333 0.07336854460093896 0.051583333333333335