0 0.4835680751173709 0.23958333333333334 0.035211267605633804 0.08333333333333333
0 0.5610328638497653 0.41770833333333335 0.03286384976525822 0.05625
0 0.6437793427230047 0.8333333333333334 0.03403755868544601 0.08333333333333333
0 0.596830985915493 0.9291666666666667 0.03169014084507042 0.08333333333333333
0 0.5915492957746479 0.3333333333333333 0.03990610328638498 0.058333333333333334
0 0.3873239436619718 0.10416666666666667 0.06338028169014084 0.0875
0 0.573943661971831 0.0875 0.03051643192488263 0.058333333333333334
0 0.7511737089201878 0.13854166666666667 0.0539906103286385 0.05625
0 0.40082159624413144 0.7145833333333333 0.029342723004694836 0.07083333333333333
0 0.3744131455399061 0.6541666666666667 0.03286384976525822 0.07916666666666666
0 0.4460093896713615 0.7927083333333333 0.03286384976525822 0.12708333333333333
0 0.45305164319248825 0.26979166666666665 0.03051643192488263 0.04375
0 0.4061032863849765 0.46770833333333334 0.025821596244131457 0.08541666666666667
0 0.4465962441314554 0.8708333333333333 0.03169014084507042 0.058333333333333334
0 0.40199530516431925 0.8520833333333333 0.01995305164319249 0.0375
0 0.5827464788732394 0.7166666666666667 0.03169014084507042 0.05416666666666667
0 0.6068075117370892 0.69375 0.035211267605633804 0.0625
0 0.36913145539906106 0.10416666666666667 0.02699530516431925 0.0875
0 0.5944835680751174 0.07604166666666666 0.029342723004694836 0.08125
0 0.4835680751173709 0.9635416666666666 0.04225352112676056 0.06875
0 0.6026995305164319 0.81875 0.036384976525821594 0.09166666666666666
0 0.40082159624413144 0.09895833333333333 0.03873239436619718 0.06875
0 0.4131455399061033 0.959375 0.0539906103286385 0.07708333333333334
0 0.539906103286385 0.8010416666666667 0.023474178403755867 0.07291666666666667
0 0.48063380281690143 0.872625 0.04640845070422535 0.09641666666666666
0 0.5134976525821596 0.7760416666666666 0.02699530516431925 0.05625
0 0.38497652582159625 0.446875 0.04225352112676056 0.06875