0 0.38204225352112675 0.20208333333333334 0.036384976525821594 0.08333333333333333
0 0.75 0.43854166666666666 0.04225352112676056 0.052083333333333336
0 0.2846244131455399 0.40208333333333335 0.03873239436619718 0.058333333333333334
0 0.6437793427230047 0.5510416666666667 0.03873239436619718 0.08125
0 0.16666666666666666 0.49166666666666664 0.046948356807511735 0.05416666666666667
0 0.3967136150234742 0.4625 0.035211267605633804 0.0875
0 0.2505868544600939 0.6822916666666666 0.05046948356807512 0.12291666666666666
0 0.34917840375586856 0.39791666666666664 0.03169014084507042 0.05416666666666667
0 0.035211267605633804 0.559375 0.06807511737089202 0.08125
0 0.1437793427230047 0.32083333333333336 0.0528169014084507 0.05
0 0.4583333333333333 0.5229166666666667 0.01995305164319249 0.04583333333333333
0 0.7335680751173709 0.49270833333333336 0.07746478873239436 0.06458333333333334
0 0.5897887323943662 0.3229166666666667 0.05046948356807512 0.05416666666666667
0 0.6578638497652582 0.42291666666666666 0.029342723004694836 0.05416666666666667
0 0.5058098591549296 0.5159166666666667 0.029553990610328637 0.0651875
0 0.5448708920187794 0.6072083333333332 0.041725352112676056 0.078
0 0.5623591549295774 0.5596875 0.03593896713615024 0.050416666666666665
0 0.5539906103286385 0.478125 0.03286384976525822 0.052083333333333336
0 0.3438967136150235 0.49375 0.07042253521126761 0.0875
0 0.4782863849765258 0.6572916666666667 0.01995305164319249 0.04375
0 0.6026995305164319 0.5875 0.02699530516431925 0.058333333333333334
0 0.6484741784037559 0.375 0.04342723004694836 0.075
0 0.01995305164319249 0.6333333333333333 0.03990610328638498 0.06666666666666667
0 0.45305164319248825 0.4041666666666667 0.03286384976525822 0.05
0 0.48287558685446014 0.48181250000000003 0.032758215962441314 0.042416666666666665
0 0.5005868544600939 0.42083333333333334 0.04107981220657277 0.05416666666666667
0 0.4833098591549295 0.6005833333333332 0.03467136150234742 0.04958333333333333
0 0.48607981220657276 0.5672499999999999 0.026349765258215963 0.035270833333333335