0 0.5592723004694836 0.6947916666666667 0.029342723004694836 0.06458333333333334
0 0.619131455399061 0.675 0.03873239436619718 0.075
0 0.7875586854460094 0.5479166666666667 0.056338028169014086 0.09583333333333334
0 0.5017605633802817 0.6677083333333333 0.036384976525821594 0.06458333333333334
0 0.5733568075117371 0.49895833333333334 0.03169014084507042 0.10208333333333333
0 0.1449530516431925 0.5945 0.05516431924882629 0.05566666666666666
0 0.4694835680751174 0.5322916666666667 0.07276995305164319 0.11041666666666666
0 0.40199530516431925 0.7239583333333334 0.04107981220657277 0.06041666666666667
0 0.7523474178403756 0.6447916666666667 0.04460093896713615 0.05625
0 0.7112676056338029 0.6708333333333333 0.03990610328638498 0.05416666666666667
0 0.267018779342723 0.49895833333333334 0.04812206572769953 0.035416666666666666
0 0.9002347417840375 0.553125 0.09389671361502347 0.06041666666666667
0 0.3996478873239437 0.59375 0.02699530516431925 0.058333333333333334
0 0.47417840375586856 0.8416666666666667 0.01643192488262911 0.058333333333333334
0 0.7400234741784038 0.790625 0.0528169014084507 0.08125
0 0.15199530516431925 0.6770833333333334 0.03873239436619718 0.05
0 0.5005868544600939 0.7583333333333333 0.02699530516431925 0.05
0 0.8456572769953051 0.5041666666666667 0.05516431924882629 0.0625
0 0.6830985915492958 0.70625 0.028169014084507043 0.05416666666666667
0 0.43838028169014087 0.6458333333333334 0.029342723004694836 0.058333333333333334
0 0.8198356807511737 0.7645833333333333 0.05985915492957746 0.0625
0 0.846830985915493 0.725 0.062206572769953054 0.05416666666666667
0 0.6713615023474179 0.778125 0.035211267605633804 0.06041666666666667
0 0.5762910798122066 0.47604166666666664 0.025821596244131457 0.05625
0 0.1449530516431925 0.634375 0.04812206572769953 0.03958333333333333
0 0.25410798122065725 0.4239583333333333 0.022300469483568074 0.035416666666666666
0 0.49002347417840375 0.8145833333333333 0.02464788732394366 0.06666666666666667
0 0.2535211267605634 0.4552083333333333 0.04460093896713615 0.04375
0 0.9524647887323944 0.7520833333333333 0.0715962441314554 0.07916666666666666
0 0.4841549295774648 0.8260416666666667 0.036384976525821594 0.08958333333333333
0 0.9301643192488263 0.6375 0.05516431924882629 0.08333333333333333
0 0.8597417840375586 0.646875 0.05985915492957746 0.04791666666666667
0 0.9870892018779343 0.5677083333333334 0.023474178403755867 0.03125
0 0.9876760563380281 0.6354166666666666 0.022300469483568074 0.025
0 0.965962441314554 0.6708333333333333 0.06103286384976526 0.08333333333333333