0 0.16549295774647887 0.15833333333333333 0.08685446009389672 0.08333333333333333
0 0.20539906103286384 0.390625 0.046948356807511735 0.06875
0 0.8955399061032864 0.39166666666666666 0.04225352112676056 0.0625
0 0.28169014084507044 0.39479166666666665 0.046948356807511735 0.052083333333333336
0 0.335093896713615 0.7125 0.05516431924882629 0.09583333333333334
0 0.07922535211267606 0.35625 0.05516431924882629 0.041666666666666664
0 0.31572769953051644 0.5104166666666666 0.03990610328638498 0.09583333333333334
0 0.11443661971830986 0.6760416666666667 0.057511737089201875 0.05625
0 0.6561032863849765 0.471875 0.07276995305164319 0.05625
0 0.4102112676056338 0.61875 0.03403755868544601 0.04583333333333333
0 0.034624413145539906 0.6552083333333333 0.04812206572769953 0.07708333333333334
0 0.5833333333333334 0.428125 0.028169014084507043 0.052083333333333336
0 0.03990610328638498 0.303125 0.056338028169014086 0.04375
0 0.014671361502347418 0.49270833333333336 0.029342723004694836 0.03125
0 0.37910798122065725 0.509375 0.03286384976525822 0.04375
0 0.41901408450704225 0.39895833333333336 0.04225352112676056 0.04791666666666667
0 0.5827464788732394 0.3645833333333333 0.029342723004694836 0.05416666666666667
0 0.6748826291079812 0.47604166666666664 0.035211267605633804 0.04791666666666667
0 0.6696009389671361 0.41041666666666665 0.03873239436619718 0.04583333333333333
0 0.07687793427230047 0.4552083333333333 0.05985915492957746 0.03958333333333333
0 0.5233098591549296 0.5738958333333334 0.03039906103286385 0.06747916666666667
0 0.4779694835680751 0.5303125000000001 0.03575117370892019 0.04852083333333333
0 0.5205399061032864 0.48854166666666665 0.036384976525821594 0.04791666666666667
0 0.4982394366197183 0.296875 0.01995305164319249 0.052083333333333336
0 0.4724178403755869 0.45208333333333334 0.02464788732394366 0.05
0 0.17018779342723006 0.6302083333333334 0.051643192488262914 0.06458333333333334
0 0.5005868544600939 0.4041666666666667 0.03403755868544601 0.05
0 0.036384976525821594 0.5708333333333333 0.07276995305164319 0.07083333333333333
0 0.4125586854460094 0.559375 0.036384976525821594 0.06041666666666667
0 0.4055164319248826 0.45625 0.03403755868544601 0.041666666666666664
0 0.2505868544600939 0.471875 0.04812206572769953 0.08125
0 0.567593896713615 0.5820208333333333 0.03254694835680751 0.06397916666666667
0 0.5651408450704225 0.525 0.03169014084507042 0.075
0 0.465962441314554 0.5739583333333333 0.035211267605633804 0.04375
0 0.31396713615023475 0.5385416666666667 0.03403755868544601 0.03958333333333333
0 0.01584507042253521 0.3572916666666667 0.03169014084507042 0.05625
0 0.26291079812206575 0.50625 0.06338028169014084 0.05