0 0.5651408450704225 0.75 0.03169014084507042 0.07916666666666666
0 0.34507042253521125 0.28958333333333336 0.035211267605633804 0.041666666666666664
0 0.5780516431924883 0.646875 0.03873239436619718 0.03958333333333333
0 0.22769953051643194 0.7145833333333333 0.06572769953051644 0.058333333333333334
0 0.03403755868544601 0.31875 0.06572769953051644 0.04583333333333333
0 0.2703403755868545 0.3582916666666666 0.04303990610328639 0.052958333333333336
0 0.2852112676056338 0.29270833333333335 0.056338028169014086 0.08125
0 0.5252347417840375 0.6364583333333333 0.04812206572769953 0.09375
0 0.443075117370892 0.45208333333333334 0.04107981220657277 0.04583333333333333
0 0.3039553990610329 0.4909166666666666 0.0440962441314554 0.07577083333333333
0 0.3378755868544601 0.4469583333333333 0.03940140845070422 0.063625
0 0.3660446009389671 0.4031875 0.035974178403755865 0.05716666666666667
0 0.3568075117370892 0.35625 0.03051643192488263 0.05
0 0.11150234741784038 0.37395833333333334 0.06338028169014084 0.04791666666666667
0 0.31396713615023475 0.6927083333333334 0.036384976525821594 0.05625
0 0.5657276995305164 0.7270833333333333 0.028169014084507043 0.03333333333333333
0 0.31338028169014087 0.6854166666666667 0.03755868544600939 0.1125
0 0.159037558685446 0.6854166666666667 0.057511737089201875 0.10833333333333334
0 0.5158450704225352 0.653125 0.029342723004694836 0.05625
0 0.5322769953051644 0.6114583333333333 0.03403755868544601 0.04375
0 0.4296361502347418 0.40697916666666667 0.03511737089201878 0.05564583333333333
0 0.6219953051643193 0.5339166666666666 0.037852112676056336 0.07466666666666667
0 0.339906103286385 0.5123333333333333 0.045586854460093904 0.06935416666666666
0 0.30854460093896713 0.40660416666666666 0.04516431924882629 0.0655
0 0.21571596244131455 0.47481249999999997 0.044753521126760565 0.0625
0 0.22564553990610328 0.3922083333333333 0.045387323943661975 0.06397916666666667
0 0.1632276995305164 0.4674166666666667 0.0507394366197183 0.059083333333333335
0 0.17123239436619717 0.41381249999999997 0.05179577464788733 0.054125
0 0.18093896713615024 0.3675833333333333 0.0562793427230047 0.05258333333333333
0 0.11820422535211267 0.4776458333333334 0.052018779342723004 0.05379166666666667
0 0.17869718309859156 0.5621458333333333 0.04539906103286385 0.06672916666666667
0 0.23246478873239437 0.5865833333333333 0.05904929577464789 0.05120833333333333
0 0.21529342723004696 0.5282291666666666 0.043896713615023474 0.05570833333333333
0 0.2622300469483568 0.4966041666666667 0.060962441314553986 0.04925
0 0.08043427230046948 0.6985416666666667 0.07294600938967136 0.06679166666666667
0 0.08832159624413145 0.6434166666666666 0.0503169014084507 0.058812500000000004
0 0.094518779342723 0.5856458333333333 0.04647887323943662 0.05310416666666666
0 0.13185446009389673 0.5824166666666667 0.052018779342723004 0.0504375
0 0.06528169014084506 0.5331666666666667 0.05544600938967136 0.058
0 0.07798122065727699 0.4467708333333333 0.0659037558685446 0.06704166666666667
0 0.4305985915492958 0.6921041666666666 0.05197183098591549 0.0615