0 0.477112676056338 0.21979166666666666 0.017605633802816902 0.04375
0 0.48063380281690143 0.975 0.02699530516431925 0.04583333333333333
0 0.48532863849765256 0.36666666666666664 0.01995305164319249 0.041666666666666664
0 0.829225352112676 0.21354166666666666 0.036384976525821594 0.06875
0 0.5874413145539906 0.23020833333333332 0.022300469483568074 0.052083333333333336
0 0.3550469483568075 0.778125 0.02699530516431925 0.052083333333333336
0 0.3051643192488263 0.9760416666666667 0.03286384976525822 0.04375
0 0.5181924882629108 0.6510416666666666 0.022300469483568074 0.04375
0 0.3532863849765258 0.6104166666666667 0.03051643192488263 0.058333333333333334
0 0.5311032863849765 0.36875 0.03169014084507042 0.058333333333333334
0 0.5023474178403756 0.24791666666666667 0.023474178403755867 0.041666666666666664
0 0.5563380281690141 0.40729166666666666 0.03755868544600939 0.06041666666666667
0 0.6091549295774648 0.565625 0.051643192488262914 0.06041666666666667
0 0.5616197183098591 0.209375 0.029342723004694836 0.06041666666666667
0 0.4225352112676056 0.6895833333333333 0.03286384976525822 0.0875
0 0.45539906103286387 0.9458333333333333 0.023474178403755867 0.041666666666666664
0 0.3673708920187793 0.6739583333333333 0.023474178403755867 0.06041666666666667
0 0.3104460093896714 0.7760416666666666 0.03403755868544601 0.08958333333333333
0 0.2576291079812207 0.9864583333333333 0.02699530516431925 0.022916666666666665
0 0.596244131455399 0.5729166666666666 0.025821596244131457 0.041666666666666664
0 0.3738262910798122 0.9145833333333333 0.01995305164319249 0.07916666666666666
0 0.33392018779342725 0.8666666666666667 0.017605633802816902 0.0375
0 0.3444835680751174 0.921875 0.03169014084507042 0.052083333333333336
0 0.528169014084507 0.5791666666666667 0.018779342723004695 0.05
0 0.3926056338028169 0.9708333333333333 0.03169014084507042 0.05416666666666667
0 0.3908450704225352 0.7302083333333333 0.03051643192488263 0.04375
0 0.22593896713615025 0.9802083333333333 0.03403755868544601 0.035416666666666666
0 0.5639671361502347 0.196875 0.02464788732394366 0.035416666666666666
0 0.49295774647887325 0.6364583333333333 0.025821596244131457 0.05625
0 0.3268779342723005 0.8822916666666667 0.03169014084507042 0.06458333333333334
0 0.6842723004694836 0.3236666666666667 0.03286384976525822 0.08183333333333334
0 0.5011737089201878 0.5822916666666667 0.025821596244131457 0.06875