0 0.4295774647887324 0.3020833333333333 0.046948356807511735 0.09583333333333334
0 0.715962441314554 0.7447916666666666 0.0539906103286385 0.08958333333333333
0 0.4694835680751174 0.646875 0.051643192488262914 0.09791666666666667
0 0.4812206572769953 0.35625 0.03755868544600939 0.041666666666666664
0 0.6895539906103286 0.6510416666666666 0.05985915492957746 0.08958333333333333
0 0.2147887323943662 0.7489583333333333 0.04929577464788732 0.06041666666666667
0 0.3738262910798122 0.725 0.03873239436619718 0.058333333333333334
0 0.3937793427230047 0.6666666666666666 0.029342723004694836 0.05416666666666667
0 0.3703051643192488 0.5854166666666667 0.04342723004694836 0.0625
0 0.32335680751173707 0.5635416666666667 0.04812206572769953 0.04791666666666667
0 0.17312206572769953 0.27291666666666664 0.05046948356807512 0.058333333333333334
0 0.1882981220657277 0.4463958333333334 0.04326291079812206 0.0549375
0 0.22137323943661974 0.43466666666666665 0.036854460093896715 0.05416666666666667
0 0.2526291079812207 0.39145833333333335 0.05967136150234742 0.049604166666666664
0 0.25 0.32916666666666666 0.046948356807511735 0.0625
0 0.7599765258215962 0.634375 0.04812206572769953 0.06041666666666667
0 0.6144366197183099 0.6802083333333333 0.04107981220657277 0.06875
0 0.26173708920187794 0.5958333333333333 0.03286384976525822 0.05416666666666667
0 0.24354460093896713 0.6625 0.03403755868544601 0.05416666666666667
0 0.2906103286384977 0.4547291666666667 0.028086854460093895 0.041291666666666664
0 0.32305164319248825 0.46191666666666664 0.0436150234741784 0.057979166666666665
0 0.32511737089201875 0.40729166666666666 0.04929577464788732 0.04791666666666667
0 0.448943661971831 0.48541666666666666 0.036384976525821594 0.05
0 0.31396713615023475 0.7354166666666667 0.04342723004694836 0.06666666666666667
0 0.6801643192488263 0.665625 0.04107981220657277 0.06041666666666667
0 0.21433098591549296 0.49112500000000003 0.052640845070422534 0.0534375
0 0.1325 0.44356249999999997 0.06610328638497652 0.06060416666666667
0 0.15383802816901407 0.39866666666666667 0.06609154929577465 0.05035416666666667
0 0.13110328638497654 0.31 0.04839201877934272 0.05485416666666666
0 0.08362676056338028 0.3098125 0.04946009389671362 0.058270833333333334
0 0.03103286384976526 0.46799999999999997 0.060774647887323945 0.051166666666666666
0 0.06431924882629107 0.43352083333333336 0.06419014084507042 0.0443125
0 0.12395539906103287 0.5468125 0.05927230046948357 0.04816666666666667
0 0.1169131455399061 0.48524999999999996 0.07847417840375587 0.047
0 0.10561032863849766 0.6820833333333333 0.0515962441314554 0.05658333333333333
0 0.12183098591549295 0.6335833333333334 0.0532981220657277 0.050499999999999996
0 0.04436619718309859 0.6926875 0.056302816901408446 0.06264583333333333
0 0.06997652582159625 0.6061041666666667 0.06482394366197183 0.059958333333333336
0 0.06431924882629107 0.5418958333333334 0.06419014084507042 0.04891666666666667
0 0.03615023474178404 0.36341666666666667 0.06760563380281691 0.0480625
0 0.03476525821596244 0.3153125 0.0669718309859155 0.050312499999999996
0 0.020375586854460094 0.6229583333333333 0.04076291079812206 0.04652083333333333