0 0.5035211267605634 0.190625 0.023474178403755867 0.04791666666666667
0 0.5768779342723005 0.38229166666666664 0.02699530516431925 0.06875
0 0.5868544600938967 0.18125 0.028169014084507043 0.07083333333333333
0 0.5005868544600939 0.32708333333333334 0.01995305164319249 0.041666666666666664
0 0.5921361502347418 0.6302083333333334 0.02699530516431925 0.04791666666666667
0 0.8116197183098591 0.190625 0.03169014084507042 0.08541666666666667
0 0.5469483568075117 0.3260416666666667 0.035211267605633804 0.06875
0 0.5275821596244131 0.21666666666666667 0.02464788732394366 0.05
0 0.6056338028169014 0.19895833333333332 0.023474178403755867 0.04375
0 0.3362676056338028 0.6489583333333333 0.03403755868544601 0.04791666666666667
0 0.5669014084507042 0.6395833333333333 0.023474178403755867 0.0375
0 0.3984741784037559 0.6708333333333333 0.029342723004694836 0.05416666666666667
0 0.4278169014084507 0.978125 0.015258215962441314 0.03958333333333333
0 0.505868544600939 0.54375 0.025821596244131457 0.041666666666666664
0 0.5246478873239436 0.6197916666666666 0.023474178403755867 0.04375
0 0.357981220657277 0.9760416666666667 0.03051643192488263 0.04375
0 0.5357981220657277 0.5572916666666666 0.029342723004694836 0.04375
0 0.3573943661971831 0.7041666666666667 0.02464788732394366 0.05416666666666667
0 0.4982394366197183 0.6010416666666667 0.02699530516431925 0.04791666666666667
0 0.29460093896713613 0.8208333333333333 0.025821596244131457 0.07083333333333333
0 0.3755868544600939 0.859375 0.04460093896713615 0.04375
0 0.31866197183098594 0.9333333333333333 0.029342723004694836 0.0875
0 0.43661971830985913 0.978125 0.03286384976525822 0.03958333333333333
0 0.3022300469483568 0.9260416666666667 0.029342723004694836 0.07291666666666667
0 0.6631455399061033 0.42604166666666665 0.028169014084507043 0.06458333333333334
0 0.4298474178403756 0.6364375 0.03233568075117371 0.05622916666666666
0 0.215962441314554 0.975 0.03755868544600939 0.04583333333333333
0 0.43485915492957744 0.671875 0.01995305164319249 0.03958333333333333
0 0.3732394366197183 0.63125 0.018779342723004695 0.029166666666666667
0 0.32981220657276994 0.828125 0.028169014084507043 0.06041666666666667
0 0.29225352112676056 0.78125 0.03051643192488263 0.058333333333333334