0 0.6484741784037559 0.196875 0.03403755868544601 0.04791666666666667
0 0.3368544600938967 0.8125 0.03051643192488263 0.04583333333333333
0 0.3644366197183099 0.54375 0.022300469483568074 0.0375
0 0.7095070422535211 0.16145833333333334 0.03403755868544601 0.04375
0 0.7059859154929577 0.12291666666666666 0.02699530516431925 0.04583333333333333
0 0.18779342723004694 0.7604166666666666 0.035211267605633804 0.04583333333333333
0 0.08274647887323944 0.9541666666666667 0.057511737089201875 0.0875
0 0.14612676056338028 0.9489583333333333 0.029342723004694836 0.052083333333333336
0 0.4465962441314554 0.37604166666666666 0.02699530516431925 0.04375
0 0.4923708920187793 0.4010416666666667 0.022300469483568074 0.052083333333333336
0 0.7488262910798122 0.0875 0.03286384976525822 0.05
0 0.318075117370892 0.7875 0.018779342723004695 0.029166666666666667
0 0.3392018779342723 0.9270833333333334 0.01643192488262911 0.041666666666666664
0 0.13262910798122066 0.9270833333333334 0.023474178403755867 0.03333333333333333
0 0.5809859154929577 0.453125 0.028169014084507043 0.04791666666666667
0 0.6813380281690141 0.21770833333333334 0.022300469483568074 0.04375
0 0.6666666666666666 0.259375 0.03755868544600939 0.04791666666666667
0 0.3562206572769953 0.8927083333333333 0.03873239436619718 0.035416666666666666
0 0.38321596244131456 0.5979166666666667 0.01995305164319249 0.03333333333333333
0 0.5299295774647887 0.43020833333333336 0.029342723004694836 0.06041666666666667
0 0.6232394366197183 0.42604166666666665 0.03286384976525822 0.04375
0 0.5903755868544601 0.3854166666666667 0.03051643192488263 0.0375
0 0.9325117370892019 0.016666666666666666 0.062206572769953054 0.03333333333333333
0 0.7640845070422535 0.115625 0.03051643192488263 0.04791666666666667
0 0.42370892018779344 0.4822916666666667 0.018779342723004695 0.03958333333333333
0 0.48708920187793425 0.3489583333333333 0.01643192488262911 0.03125
0 0.1784037558685446 0.7583333333333333 0.018779342723004695 0.04583333333333333
0 0.4284037558685446 0.525 0.028169014084507043 0.05
0 0.5991784037558685 0.5083333333333333 0.03169014084507042 0.05416666666666667
0 0.5269953051643192 0.41458333333333336 0.023474178403755867 0.03333333333333333
0 0.34624413145539906 0.921875 0.03051643192488263 0.052083333333333336
0 0.41607981220657275 0.48541666666666666 0.03403755868544601 0.04583333333333333
0 0.4278169014084507 0.575 0.01995305164319249 0.0375