0 0.28931924882629106 0.465625 0.05985915492957746 0.09791666666666667
0 0.4336854460093897 0.728125 0.04342723004694836 0.05625
0 0.5005868544600939 0.5364583333333334 0.06924882629107981 0.11041666666666666
0 0.8139671361502347 0.5416666666666666 0.05985915492957746 0.09583333333333334
0 0.7699530516431925 0.79375 0.0539906103286385 0.07916666666666666
0 0.6396713615023474 0.6875 0.035211267605633804 0.06666666666666667
0 0.5874413145539906 0.6989583333333333 0.029342723004694836 0.05625
0 0.8491784037558685 0.7708333333333334 0.06690140845070422 0.075
0 0.710093896713615 0.696875 0.03051643192488263 0.06875
0 0.7435446009389671 0.665625 0.029342723004694836 0.052083333333333336
0 0.5258215962441315 0.66875 0.03755868544600939 0.08333333333333333
0 0.4618544600938967 0.6395833333333333 0.03873239436619718 0.058333333333333334
0 0.426056338028169 0.590625 0.028169014084507043 0.052083333333333336
0 0.5980046948356808 0.5 0.04107981220657277 0.10833333333333334
0 0.20187793427230047 0.6833333333333333 0.06338028169014084 0.05
0 0.18896713615023475 0.6322916666666667 0.035211267605633804 0.035416666666666666
0 0.6068075117370892 0.47708333333333336 0.023474178403755867 0.0625
0 0.7007042253521126 0.7770833333333333 0.035211267605633804 0.06666666666666667
0 0.7887323943661971 0.6489583333333333 0.03051643192488263 0.05625
0 0.9460093896713615 0.646875 0.06338028169014084 0.06875
0 0.18368544600938966 0.609375 0.045774647887323945 0.08125
0 0.8779342723004695 0.71875 0.06807511737089202 0.0625
0 0.5258215962441315 0.7541666666666667 0.028169014084507043 0.05416666666666667
0 0.8679577464788732 0.5072916666666667 0.05046948356807512 0.052083333333333336
0 0.8879107981220657 0.6479166666666667 0.05985915492957746 0.058333333333333334
0 0.9677230046948356 0.734375 0.057511737089201875 0.06458333333333334
0 0.5956572769953051 0.5291666666666667 0.036384976525821594 0.05
0 0.5005868544600939 0.565625 0.06924882629107981 0.052083333333333336
0 0.5205399061032864 0.834375 0.03403755868544601 0.09375
0 0.8133802816901409 0.5166666666666667 0.05868544600938967 0.04583333333333333
0 0.9419014084507042 0.5520833333333334 0.062206572769953054 0.06666666666666667
0 0.914906103286385 0.5197916666666667 0.057511737089201875 0.05625