0 0.6273474178403756 0.7489583333333333 0.05046948356807512 0.07708333333333334
0 0.3796948356807512 0.675 0.04342723004694836 0.1125
0 0.27536384976525824 0.6246666666666666 0.04325117370892019 0.0599375
0 0.2855985915492958 0.5775 0.053485915492957746 0.05725
0 0.2917840375586854 0.5087291666666667 0.04964788732394366 0.05835416666666667
0 0.25860328638497654 0.47841666666666666 0.04773474178403756 0.0674375
0 0.2928521126760563 0.44166666666666665 0.04751173708920187 0.06816666666666667
0 0.3150469483568075 0.3571666666666667 0.032147887323943664 0.058270833333333334
0 0.3374413145539906 0.271875 0.04342723004694836 0.04791666666666667
0 0.2805164319248826 0.7104166666666667 0.046948356807511735 0.058333333333333334
0 0.40082159624413144 0.30520833333333336 0.03169014084507042 0.04375
0 0.34683098591549294 0.315625 0.036384976525821594 0.04375
0 0.21830985915492956 0.7239583333333334 0.04929577464788732 0.06458333333333334
0 0.12969483568075119 0.7114583333333333 0.057511737089201875 0.06041666666666667
0 0.5863615023474178 0.6528958333333333 0.03914319248826291 0.05502083333333333
0 0.6145305164319249 0.6089375 0.03572769953051643 0.058041666666666665
0 0.659037558685446 0.6302083333333334 0.029342723004694836 0.052083333333333336
0 0.38792253521126757 0.40377083333333336 0.04343896713615023 0.053000000000000005
0 0.32059859154929576 0.414 0.04323943661971831 0.05072916666666667
0 0.2615962441314554 0.35850000000000004 0.04687793427230047 0.079875
0 0.17379107981220657 0.5174375 0.048380281690140844 0.0530625
0 0.21123239436619717 0.4814375 0.057124413145539905 0.06439583333333333
0 0.23481220657276997 0.57825 0.05093896713615023 0.06483333333333334
0 0.29915492957746476 0.65725 0.036631455399061034 0.052375
0 0.1565023474178404 0.6485416666666667 0.06076291079812207 0.057666666666666665
0 0.18178403755868544 0.5945416666666666 0.04944835680751174 0.059541666666666666
0 0.14220657276995305 0.5971875 0.05009389671361502 0.06333333333333332
0 0.11435446009389671 0.5358125 0.059706572769953045 0.05570833333333333
0 0.17656103286384978 0.45908333333333334 0.049659624413145545 0.057562499999999996
0 0.2008920187793427 0.4321875 0.055633802816901404 0.05679166666666667
0 0.11852112676056338 0.34675 0.0701643192488263 0.04879166666666667
0 0.17165492957746478 0.36341666666666667 0.04240610328638498 0.06395833333333333
0 0.21294600938967137 0.3312083333333333 0.05200704225352113 0.05560416666666667
0 0.12822769953051644 0.45264583333333336 0.05757042253521127 0.06741666666666667
0 0.09194835680751175 0.46647916666666667 0.06184272300469483 0.04583333333333333
0 0.04266431924882629 0.5289791666666667 0.058075117370892014 0.048854166666666664
0 0.03028169014084507 0.49716666666666665 0.05374413145539906 0.03902083333333333
0 0.04362676056338028 0.43445833333333334 0.052676056338028174 0.06135416666666667
0 0.034976525821596244 0.6257916666666666 0.05460093896713615 0.057666666666666665
0 0.07647887323943661 0.6644375 0.05693661971830986 0.06225
0 0.5010093896713615 0.6832083333333333 0.04768779342723005 0.08535416666666666
0 0.5546830985915493 0.516875 0.029119718309859155 0.06329166666666666
0 0.22564553990610328 0.6769583333333333 0.045387323943661975 0.04633333333333333