0 0.47476525821596244 0.7447916666666666 0.03169014084507042 0.07291666666666667
0 0.06690140845070422 0.4270833333333333 0.07511737089201878 0.05416666666666667
0 0.09624413145539906 0.6020833333333333 0.06572769953051644 0.07083333333333333
0 0.08039906103286384 0.271875 0.0880281690140845 0.07291666666666667
0 0.33392018779342725 0.653125 0.05046948356807512 0.06458333333333334
0 0.18368544600938966 0.25833333333333336 0.05516431924882629 0.07083333333333333
0 0.267018779342723 0.7260416666666667 0.05985915492957746 0.06875
0 0.02171361502347418 0.659375 0.04342723004694836 0.05625
0 0.11737089201877934 0.7145833333333333 0.0892018779342723 0.10416666666666667
0 0.2828638497652582 0.5135416666666667 0.0539906103286385 0.08958333333333333
0 0.2535211267605634 0.840625 0.04460093896713615 0.05625
0 0.2904929577464789 0.3416666666666667 0.057511737089201875 0.07083333333333333
0 0.4424882629107981 0.3614583333333333 0.04225352112676056 0.12291666666666666
0 0.1795774647887324 0.640625 0.04460093896713615 0.06458333333333334
0 0.47593896713615025 0.5625 0.029342723004694836 0.05416666666666667
0 0.5821596244131455 0.8104166666666667 0.035211267605633804 0.07083333333333333
0 0.20011737089201878 0.4125 0.08098591549295775 0.0625
0 0.5839201877934272 0.6729166666666667 0.045774647887323945 0.058333333333333334
0 0.40375586854460094 0.6145833333333334 0.03051643192488263 0.09166666666666666
0 0.5815727699530516 0.5895833333333333 0.02699530516431925 0.058333333333333334
0 0.3644366197183099 0.5645833333333333 0.03169014084507042 0.06666666666666667
0 0.5140845070422535 0.5895833333333333 0.025821596244131457 0.05
0 0.318075117370892 0.4239583333333333 0.03286384976525822 0.06041666666666667
0 0.5774647887323944 0.4427083333333333 0.03286384976525822 0.09791666666666667
0 0.5475352112676056 0.703125 0.03403755868544601 0.06041666666666667
0 0.14553990610328638 0.44895833333333335 0.04460093896713615 0.07708333333333334
0 0.2634976525821596 0.7885416666666667 0.045774647887323945 0.08125
0 0.3609154929577465 0.45416666666666666 0.04107981220657277 0.1
0 0.1449530516431925 0.6916666666666667 0.05046948356807512 0.058333333333333334
0 0.02640845070422535 0.5552083333333333 0.0528169014084507 0.07708333333333334
0 0.011150234741784037 0.325 0.022300469483568074 0.020833333333333332
0 0.10269953051643192 0.7322916666666667 0.057511737089201875 0.06875
0 0.4454225352112676 0.5239583333333333 0.036384976525821594 0.06041666666666667
0 0.011150234741784037 0.35 0.022300469483568074 0.07083333333333333
0 0.38065727699530516 0.39145833333333335 0.05454225352112676 0.07760416666666667
0 0.39816901408450706 0.48558333333333337 0.029964788732394367 0.07125000000000001