0 0.8902582159624414 0.7739583333333333 0.06690140845070422 0.08958333333333333
0 0.8650234741784038 0.6322916666666667 0.05868544600938967 0.09791666666666667
0 0.8257042253521126 0.7333333333333333 0.0528169014084507 0.07083333333333333
0 0.5663145539906104 0.6489583333333333 0.029342723004694836 0.05625
0 0.4184272300469484 0.5760416666666667 0.022300469483568074 0.05625
0 0.340962441314554 0.5322916666666667 0.03873239436619718 0.06458333333333334
0 0.642018779342723 0.43854166666666666 0.035211267605633804 0.04375
0 0.3873239436619718 0.7802083333333333 0.04225352112676056 0.06458333333333334
0 0.49002347417840375 0.4979166666666667 0.02699530516431925 0.04583333333333333
0 0.4894366197183099 0.7447916666666666 0.023474178403755867 0.10208333333333333
0 0.6085680751173709 0.375 0.022300469483568074 0.04583333333333333
0 0.13028169014084506 0.734375 0.0539906103286385 0.06041666666666667
0 0.19718309859154928 0.7645833333333333 0.046948356807511735 0.07916666666666666
0 0.522887323943662 0.56875 0.04107981220657277 0.04583333333333333
0 0.2711267605633803 0.4354166666666667 0.04225352112676056 0.05
0 0.41960093896713613 0.671875 0.04107981220657277 0.05625
0 0.3568075117370892 0.709375 0.028169014084507043 0.04375
0 0.579225352112676 0.325 0.022300469483568074 0.041666666666666664
0 0.08192488262910798 0.5604375 0.06312206572769953 0.03679166666666667
0 0.0801056338028169 0.5195208333333333 0.0701643192488263 0.04585416666666667
0 0.08267605633802817 0.475 0.06674882629107981 0.0439375
0 0.09643192488262911 0.44014583333333335 0.07507042253521126 0.049979166666666665
0 0.11208920187793427 0.3614583333333333 0.0528169014084507 0.05625
0 0.6490610328638498 0.61875 0.025821596244131457 0.05
0 0.9688967136150235 0.65625 0.05985915492957746 0.06666666666666667
0 0.18838028169014084 0.428125 0.07394366197183098 0.04791666666666667
0 0.16549295774647887 0.675 0.04225352112676056 0.058333333333333334
0 0.1942488262910798 0.3770833333333333 0.0528169014084507 0.05
0 0.5727699530516432 0.7270833333333333 0.03755868544600939 0.05416666666666667
0 0.27406103286384975 0.50625 0.03169014084507042 0.05416666666666667
0 0.2828638497652582 0.5583333333333333 0.04929577464788732 0.05
0 0.34624413145539906 0.6625 0.03286384976525822 0.058333333333333334
0 0.10446009389671361 0.29583333333333334 0.06103286384976526 0.05416666666666667
0 0.3767605633802817 0.6072916666666667 0.028169014084507043 0.07291666666666667
0 0.6578638497652582 0.6697916666666667 0.036384976525821594 0.06875
0 0.21485915492957747 0.6292083333333333 0.060117370892018775 0.056916666666666664
0 0.22318075117370892 0.5691666666666666 0.0554225352112676 0.06179166666666667
0 0.14423708920187794 0.554 0.05969483568075117 0.06179166666666667
0 0.10710093896713616 0.6241041666666667 0.06226525821596244 0.0731875
0 0.04234741784037559 0.6585833333333333 0.07571596244131457 0.058812500000000004
0 0.04564553990610329 0.5951041666666667 0.05032863849765259 0.0493125
0 0.02251173708920188 0.5223541666666667 0.04502347417840376 0.06591666666666667
0 0.0592018779342723 0.39466666666666667 0.06248826291079813 0.049958333333333334
0 0.022605633802816903 0.360375 0.045211267605633806 0.04577083333333333
0 0.2618075117370892 0.7339791666666666 0.03449530516431925 0.05658333333333333
0 0.29349765258215965 0.7070833333333333 0.04453051643192488 0.049749999999999996