0 0.45129107981220656 0.04895833333333333 0.03403755868544601 0.09791666666666667
0 0.5580985915492958 0.5375 0.04107981220657277 0.1
0 0.3550469483568075 0.4125 0.04107981220657277 0.075
0 0.3392018779342723 0.09270833333333334 0.03755868544600939 0.08958333333333333
0 0.47300469483568075 0.4166666666666667 0.035211267605633804 0.07083333333333333
0 0.687206572769953 0.8395833333333333 0.057511737089201875 0.11666666666666667
0 0.40023474178403756 0.590625 0.035211267605633804 0.07291666666666667
0 0.6326291079812206 0.45416666666666666 0.03990610328638498 0.08333333333333333
0 0.5839201877934272 0.47604166666666664 0.045774647887323945 0.07291666666666667
0 0.5311032863849765 0.653125 0.03169014084507042 0.08125
0 0.44190140845070425 0.20833333333333334 0.03403755868544601 0.07083333333333333
0 0.7030516431924883 0.7572916666666667 0.04225352112676056 0.08125
0 0.392018779342723 0.43020833333333336 0.03051643192488263 0.052083333333333336
0 0.43309859154929575 0.71875 0.04929577464788732 0.07916666666666666
0 0.3051643192488263 0.0875 0.04225352112676056 0.07916666666666666
0 0.5487089201877934 0.3770833333333333 0.03403755868544601 0.06666666666666667
0 0.6901408450704225 0.011458333333333333 0.03990610328638498 0.022916666666666665
0 0.41431924882629106 0.228125 0.028169014084507043 0.06041666666666667
0 0.5704225352112676 0.3302083333333333 0.03755868544600939 0.04791666666666667
0 0.49295774647887325 0.7010416666666667 0.035211267605633804 0.06875