0 0.926056338028169 0.578125 0.04225352112676056 0.052083333333333336
0 0.2347417840375587 0.43020833333333336 0.03755868544600939 0.052083333333333336
0 0.9630281690140845 0.396875 0.06455399061032864 0.08541666666666667
0 0.1396713615023474 0.71875 0.03755868544600939 0.03333333333333333
0 0.01936619718309859 0.3145833333333333 0.03873239436619718 0.0375
0 0.937793427230047 0.6010416666666667 0.03990610328638498 0.035416666666666666
0 0.66787558685446 0.4154583333333333 0.030305164319248828 0.05539583333333333
0 0.6172887323943661 0.4756666666666666 0.030469483568075117 0.0568125
0 0.618368544600939 0.5368541666666666 0.04699530516431925 0.06514583333333333
0 0.7617370892018779 0.6495416666666666 0.03091549295774648 0.05025
0 0.5634154929577464 0.7425416666666667 0.02892018779342723 0.0515625
0 0.5783098591549296 0.7105625 0.028767605633802817 0.051875
0 0.5809507042253521 0.6694791666666667 0.029542253521126764 0.04583333333333333
0 0.5998239436619719 0.6279375 0.032969483568075116 0.051354166666666666
0 0.6470657276995304 0.5430625 0.03158450704225352 0.0491875
0 0.5284859154929578 0.4810625 0.038438967136150234 0.059291666666666666
0 0.522793427230047 0.6116041666666666 0.022382629107981222 0.04635416666666667
0 0.542206572769953 0.6462083333333334 0.027676056338028165 0.0560625
0 0.4472535211267606 0.691875 0.02983568075117371 0.049937499999999996
0 0.47906103286384977 0.6410833333333333 0.023791079812206573 0.04720833333333333
0 0.4286267605633803 0.6642083333333333 0.0248943661971831 0.05191666666666667
0 0.4545774647887324 0.6147916666666667 0.027852112676056338 0.04441666666666667
0 0.4799178403755868 0.5535833333333334 0.02282863849765258 0.050291666666666665
0 0.4736032863849765 0.5277291666666667 0.02223004694835681 0.0501875
0 0.4263615023474178 0.5117916666666666 0.030657276995305165 0.04879166666666667
0 0.3865258215962441 0.6528541666666666 0.024272300469483567 0.04583333333333333
0 0.3971244131455399 0.5924999999999999 0.026760563380281693 0.035833333333333335
0 0.3081807511737089 0.46016666666666667 0.030058685446009387 0.052375
0 0.30170187793427233 0.4302708333333333 0.023039906103286385 0.03241666666666667
0 0.39237089201877934 0.5327083333333333 0.03129107981220657 0.06016666666666667
0 0.34208920187793423 0.6534166666666666 0.03207746478873239 0.058020833333333334
0 0.357218309859155 0.5905625000000001 0.02801643192488263 0.048562499999999995
0 0.23217136150234743 0.6485625 0.029906103286384978 0.043333333333333335
0 0.26077464788732396 0.642875 0.026068075117370894 0.040562499999999994
0 0.20535211267605635 0.6693333333333332 0.023673708920187796 0.03725
0 0.23029342723004695 0.6098125 0.01744131455399061 0.034458333333333334
0 0.26085680751173707 0.60925 0.028661971830985917 0.04441666666666667
0 0.28151408450704224 0.553875 0.030997652582159623 0.04439583333333333
0 0.31480046948356805 0.5072291666666666 0.03051643192488263 0.042416666666666665
0 0.34917840375586856 0.507375 0.026619718309859156 0.044375000000000005
0 0.2975 0.6279375 0.0302112676056338 0.051354166666666666
0 0.3120774647887324 0.5684166666666666 0.022253521126760566 0.044125
0 0.1816549295774648 0.5918125 0.026173708920187794 0.04829166666666666
0 0.12333333333333334 0.4892291666666667 0.053004694835680745 0.045187500000000005
0 0.18538732394366195 0.5506875 0.02492957746478873 0.035250000000000004
0 0.16293427230046947 0.4396875 0.03241784037558686 0.051250000000000004
0 0.15070422535211267 0.4005 0.02820422535211268 0.03654166666666667
0 0.21252347417840375 0.5147083333333333 0.03801643192488263 0.05183333333333333
0 0.1867136150234742 0.4767708333333333 0.0285093896713615 0.051729166666666666
0 0.12855633802816901 0.6037291666666668 0.04005868544600939 0.0665625
0 0.243556338028169 0.5443125 0.034014084507042255 0.049479166666666664
0 0.2524413145539906 0.5054375 0.03052816901408451 0.041604166666666664