0 0.2318075117370892 0.509375 0.04342723004694836 0.052083333333333336
0 0.20715962441314553 0.35208333333333336 0.0528169014084507 0.04583333333333333
0 0.33568075117370894 0.40729166666666666 0.04929577464788732 0.06458333333333334
0 0.40199530516431925 0.4010416666666667 0.02699530516431925 0.06041666666666667
0 0.704225352112676 0.4239583333333333 0.03755868544600939 0.052083333333333336
0 0.5616197183098591 0.42604166666666665 0.03169014084507042 0.04791666666666667
0 0.7024647887323944 0.565625 0.036384976525821594 0.09791666666666667
0 0.20715962441314553 0.6270833333333333 0.04342723004694836 0.05416666666666667
0 0.4524647887323944 0.43645833333333334 0.04342723004694836 0.08958333333333333
0 0.40492957746478875 0.5260416666666666 0.06572769953051644 0.04791666666666667
0 0.5469483568075117 0.20104166666666667 0.025821596244131457 0.07708333333333334
0 0.3814553990610329 0.48125 0.03286384976525822 0.05
0 0.1983568075117371 0.7020833333333333 0.04929577464788732 0.07916666666666666
0 0.5146713615023474 0.3958333333333333 0.03169014084507042 0.05
0 0.5346244131455399 0.484375 0.029342723004694836 0.03958333333333333
0 0.5321713615023475 0.6155625 0.041713615023474176 0.0599375
0 0.5146713615023474 0.5322916666666667 0.017605633802816902 0.04375
0 0.812206572769953 0.5302083333333333 0.046948356807511735 0.04375
0 0.6073943661971831 0.5083333333333333 0.03873239436619718 0.05
0 0.41607981220657275 0.32916666666666666 0.029342723004694836 0.0625
0 0.5269953051643192 0.6791666666666667 0.018779342723004695 0.041666666666666664
0 0.7764084507042254 0.5083333333333333 0.01995305164319249 0.029166666666666667
0 0.6291079812206573 0.4270833333333333 0.023474178403755867 0.04583333333333333
0 0.6561032863849765 0.4822916666666667 0.03990610328638498 0.052083333333333336
0 0.5991784037558685 0.6083333333333333 0.029342723004694836 0.05
0 0.10446009389671361 0.36666666666666664 0.04460093896713615 0.04583333333333333
0 0.6566901408450704 0.6104166666666667 0.03169014084507042 0.058333333333333334
0 0.03931924882629108 0.29270833333333335 0.06924882629107981 0.03958333333333333
0 0.4524647887323944 0.41354166666666664 0.04342723004694836 0.04375
0 0.5329107981220658 0.5786250000000001 0.023145539906103286 0.04589583333333334
0 0.5586854460093896 0.5229166666666667 0.035211267605633804 0.05
0 0.45011737089201875 0.45729166666666665 0.02699530516431925 0.04791666666666667
0 0.8086854460093896 0.4625 0.046948356807511735 0.041666666666666664
0 0.6995305164319249 0.3729166666666667 0.03990610328638498 0.05416666666666667