0 0.11502347417840375 0.7635416666666667 0.028169014084507043 0.04375
0 0.784037558685446 0.16145833333333334 0.03051643192488263 0.03958333333333333
0 0.42664319248826293 0.44583333333333336 0.01995305164319249 0.0375
0 0.5088028169014085 0.296875 0.022300469483568074 0.052083333333333336
0 0.7394366197183099 0.2791666666666667 0.028169014084507043 0.041666666666666664
0 0.2112676056338028 0.8083333333333333 0.02112676056338028 0.03333333333333333
0 0.8251173708920188 0.11979166666666667 0.03051643192488263 0.04791666666666667
0 0.6402582159624414 0.475 0.02464788732394366 0.058333333333333334
0 0.7429577464788732 0.21770833333333334 0.04225352112676056 0.05625
0 0.7910798122065728 0.19270833333333334 0.025821596244131457 0.04375
0 0.43779342723004694 0.5041666666666667 0.03051643192488263 0.0375
0 0.6725352112676056 0.3875 0.03286384976525822 0.04583333333333333
0 0.22946009389671362 0.83125 0.03403755868544601 0.05
0 0.5551643192488263 0.33125 0.023474178403755867 0.0375
0 0.020539906103286387 0.8927083333333333 0.04107981220657277 0.06458333333333334
0 0.551056338028169 0.278125 0.015258215962441314 0.027083333333333334
0 0.10387323943661972 0.9833333333333333 0.017605633802816902 0.029166666666666667
0 0.6273474178403756 0.42604166666666665 0.02699530516431925 0.035416666666666666
0 0.6519953051643192 0.3625 0.036384976525821594 0.05
0 0.5117370892018779 0.28541666666666665 0.01643192488262911 0.029166666666666667
0 0.015258215962441314 0.9677083333333333 0.03051643192488263 0.06041666666666667
0 0.5897887323943662 0.390625 0.01995305164319249 0.03958333333333333
0 0.7171361502347418 0.18958333333333333 0.03286384976525822 0.05
0 0.49295774647887325 0.4864583333333333 0.02112676056338028 0.035416666666666666
0 0.5757042253521126 0.3645833333333333 0.029342723004694836 0.05416666666666667
0 0.21830985915492956 0.9583333333333334 0.025821596244131457 0.05
0 0.22535211267605634 0.95 0.035211267605633804 0.0625
0 0.49119718309859156 0.434375 0.02464788732394366 0.027083333333333334
0 0.2130281690140845 0.96875 0.03403755868544601 0.058333333333333334
0 0.7253521126760564 0.17916666666666667 0.01643192488262911 0.029166666666666667
0 0.4800469483568075 0.3958333333333333 0.023474178403755867 0.029166666666666667
0 0.8374413145539906 0.14166666666666666 0.022300469483568074 0.03333333333333333
0 0.05927230046948357 0.9510416666666667 0.05046948356807512 0.06041666666666667
0 0.09389671361502347 0.9791666666666666 0.03755868544600939 0.0375