0 0.9677230046948356 0.6989583333333333 0.062206572769953054 0.05625
0 0.1431924882629108 0.32395833333333335 0.046948356807511735 0.04791666666666667
0 0.232981220657277 0.39791666666666664 0.0528169014084507 0.041666666666666664
0 0.25880281690140844 0.51875 0.0528169014084507 0.075
0 0.15492957746478872 0.4 0.051643192488262914 0.075
0 0.07922535211267606 0.34375 0.06924882629107981 0.07916666666666666
0 0.6226525821596244 0.4625 0.03403755868544601 0.05
0 0.25938967136150237 0.6708333333333333 0.04929577464788732 0.06666666666666667
0 0.18779342723004694 0.6822916666666666 0.04460093896713615 0.07291666666666667
0 0.5357981220657277 0.3541666666666667 0.04107981220657277 0.07083333333333333
0 0.35563380281690143 0.3927083333333333 0.03755868544600939 0.04791666666666667
0 0.03169014084507042 0.43645833333333334 0.06338028169014084 0.07708333333333334
0 0.5363849765258216 0.4239583333333333 0.025821596244131457 0.052083333333333336
0 0.33039906103286387 0.5104166666666666 0.036384976525821594 0.041666666666666664
0 0.04870892018779343 0.14270833333333333 0.08568075117370892 0.08541666666666667
0 0.6267605633802817 0.3958333333333333 0.02112676056338028 0.0375
0 0.5164319248826291 0.5416666666666666 0.03990610328638498 0.10416666666666667
0 0.31161971830985913 0.46875 0.03169014084507042 0.05416666666666667
0 0.41607981220657275 0.55 0.04107981220657277 0.05
0 0.6097417840375586 0.3854166666666667 0.02464788732394366 0.0375
0 0.5874413145539906 0.4583333333333333 0.03403755868544601 0.03333333333333333
0 0.4665492957746479 0.4739583333333333 0.03873239436619718 0.04375
0 0.6801643192488263 0.32083333333333336 0.029342723004694836 0.025
0 0.3779342723004695 0.7197916666666667 0.056338028169014086 0.10208333333333333
0 0.36913145539906106 0.5802083333333333 0.036384976525821594 0.052083333333333336
0 0.014671361502347418 0.6458333333333334 0.029342723004694836 0.058333333333333334
0 0.051056338028169015 0.5145833333333333 0.06924882629107981 0.0625
0 0.4213615023474178 0.4354166666666667 0.03286384976525822 0.05
0 0.09976525821596244 0.6520833333333333 0.04460093896713615 0.05
0 0.10387323943661972 0.6041666666666666 0.04107981220657277 0.04583333333333333
0 0.20833333333333334 0.48333333333333334 0.06690140845070422 0.04583333333333333
0 0.38615023474178406 0.47291666666666665 0.03755868544600939 0.05416666666666667
0 0.10035211267605634 0.6895833333333333 0.04342723004694836 0.0375
0 0.4242957746478873 0.496875 0.03169014084507042 0.04375
0 0.03755868544600939 0.5958333333333333 0.06338028169014084 0.0375
0 0.4724178403755869 0.54375 0.01995305164319249 0.0375
0 0.1977699530516432 0.4322916666666667 0.05046948356807512 0.04375
0 0.5176056338028169 0.571875 0.035211267605633804 0.04375
0 0.4495305164319249 0.39791666666666664 0.035211267605633804 0.07916666666666666
0 0.3615023474178404 0.446875 0.04460093896713615 0.052083333333333336
0 0.02699530516431925 0.6510416666666666 0.0539906103286385 0.04791666666666667