0 0.6367370892018779 0.4427083333333333 0.045774647887323945 0.10208333333333333
0 0.5017605633802817 0.43333333333333335 0.045774647887323945 0.058333333333333334
0 0.4225352112676056 0.44375 0.03990610328638498 0.058333333333333334
0 0.34683098591549294 0.7583333333333333 0.045774647887323945 0.0625
0 0.392018779342723 0.5229166666666667 0.04460093896713615 0.05
0 0.3937793427230047 0.34270833333333334 0.029342723004694836 0.05625
0 0.9647887323943662 0.8604166666666667 0.0539906103286385 0.15416666666666667
0 0.19131455399061034 0.3145833333333333 0.07042253521126761 0.09583333333333334
0 0.9184272300469484 0.5427083333333333 0.03873239436619718 0.027083333333333334
0 0.3902582159624413 0.61875 0.04107981220657277 0.05
0 0.914906103286385 0.49270833333333336 0.04812206572769953 0.03958333333333333
0 0.34917840375586856 0.5635416666666667 0.02699530516431925 0.04791666666666667
0 0.2869718309859155 0.6614583333333334 0.04812206572769953 0.06041666666666667
0 0.3421361502347418 0.6166666666666667 0.03403755868544601 0.058333333333333334
0 0.914906103286385 0.5135416666666667 0.04812206572769953 0.08541666666666667
0 0.3034037558685446 0.48333333333333334 0.029342723004694836 0.058333333333333334
0 0.2975352112676056 0.47291666666666665 0.04107981220657277 0.08333333333333333
0 0.019730046948356807 0.4443125 0.030481220657276993 0.050749999999999997
0 0.03625586854460094 0.40320833333333334 0.057159624413145545 0.06322916666666667
0 0.06690140845070422 0.3458333333333333 0.05868544600938967 0.05
0 0.7476525821596244 0.5979166666666667 0.0539906103286385 0.06666666666666667
0 0.19032863849765258 0.6290208333333334 0.04091549295774648 0.10579166666666667
0 0.19630281690140844 0.518 0.04433098591549296 0.07314583333333333
0 0.2021713615023474 0.4689375 0.0581924882629108 0.062125
0 0.24538732394366197 0.4348125 0.053838028169014084 0.08187499999999999
0 0.1320774647887324 0.6871666666666666 0.04570422535211267 0.07718749999999999
0 0.13099765258215962 0.6112083333333334 0.05884976525821596 0.06258333333333334
0 0.12833333333333333 0.5373333333333333 0.04711267605633803 0.07389583333333333
0 0.07637323943661971 0.6710833333333334 0.06056338028169014 0.09141666666666667
0 0.05866197183098591 0.5803333333333334 0.07208920187793427 0.07279166666666666
0 0.06443661971830986 0.48995833333333333 0.04868544600938967 0.07389583333333333
0 0.01961267605633803 0.6318541666666667 0.039237089201877934 0.05464583333333333
0 0.02357981220657277 0.29766666666666663 0.04715962441314554 0.050145833333333334
0 0.15320422535211267 0.4780208333333333 0.03163145539906103 0.043979166666666666
0 0.16215962441314555 0.439 0.04433098591549296 0.05529166666666666
0 0.19672535211267608 0.4043333333333334 0.045176056338028174 0.057916666666666665
0 0.10561032863849766 0.4219583333333333 0.04647887323943662 0.07422916666666667
0 0.13805164319248828 0.3690833333333333 0.03375586854460094 0.065625