0 0.6572769953051644 0.9197916666666667 0.023474178403755867 0.05625
0 0.4465962441314554 0.6895833333333333 0.017605633802816902 0.041666666666666664
0 0.21830985915492956 0.013541666666666667 0.023474178403755867 0.027083333333333334
0 0.4354460093896714 0.21666666666666667 0.01643192488262911 0.0375
0 0.24237089201877934 0.47604166666666664 0.01995305164319249 0.06875
0 0.38497652582159625 0.37604166666666666 0.01643192488262911 0.035416666666666666
0 0.3996478873239437 0.3 0.017605633802816902 0.0375
0 0.3515258215962441 0.29375 0.022300469483568074 0.04583333333333333
0 0.5545774647887324 0.7614583333333333 0.012910798122065728 0.022916666666666665
0 0.3444835680751174 0.38125 0.015258215962441314 0.03333333333333333
0 0.3192488262910798 0.37083333333333335 0.014084507042253521 0.029166666666666667
0 0.3550469483568075 0.34791666666666665 0.015258215962441314 0.029166666666666667
0 0.32981220657276994 0.34479166666666666 0.014084507042253521 0.03125
0 0.5211267605633803 0.6760416666666667 0.011737089201877934 0.027083333333333334
0 0.4426525821596244 0.6098750000000001 0.01994131455399061 0.034791666666666665
0 0.4715727699530516 0.5949166666666666 0.019730046948356807 0.03820833333333333
0 0.47262910798122065 0.5604375 0.013333333333333332 0.02383333333333333
0 0.5269953051643192 0.5052083333333334 0.014084507042253521 0.035416666666666666
0 0.6038732394366197 0.9364583333333333 0.012910798122065728 0.035416666666666666
0 0.7206572769953051 0.8135416666666667 0.03051643192488263 0.05625
0 0.5393192488262911 0.840625 0.01056338028169014 0.022916666666666665
0 0.517018779342723 0.703125 0.017605633802816902 0.03125
0 0.6009389671361502 0.965625 0.011737089201877934 0.035416666666666666
0 0.4132042253521127 0.5344791666666667 0.032124413145539904 0.04927083333333333
0 0.4519366197183099 0.5581666666666667 0.01631455399061033 0.028374999999999997
0 0.5088028169014085 0.5197916666666667 0.017605633802816902 0.03125
0 0.38620892018779346 0.5115625 0.022957746478873237 0.03752083333333334
0 0.4013615023474178 0.4931875 0.025093896713615022 0.04091666666666667
0 0.4319835680751174 0.4789791666666667 0.01847417840375587 0.03295833333333333
0 0.45481220657276994 0.4 0.015258215962441314 0.029166666666666667
0 0.44105633802816896 0.5286041666666667 0.016737089201877935 0.026875
0 0.45642018779342725 0.4891875 0.020152582159624417 0.04510416666666666
0 0.4665492957746479 0.44583333333333336 0.012910798122065728 0.029166666666666667
0 0.4788732394366197 0.74375 0.014084507042253521 0.020833333333333332
0 0.42018779342723006 0.6364583333333333 0.018779342723004695 0.04375
0 0.49178403755868544 0.8135416666666667 0.011737089201877934 0.022916666666666665
0 0.7276995305164319 0.8239583333333333 0.014084507042253521 0.03125
0 0.4072769953051643 0.3625 0.01643192488262911 0.041666666666666664
0 0.24413145539906103 0.49166666666666664 0.018779342723004695 0.0375
0 0.5088028169014085 0.79375 0.012910798122065728 0.029166666666666667
0 0.4213615023474178 0.2125 0.014084507042253521 0.0375
0 0.5258215962441315 0.6010416666666667 0.014084507042253521 0.022916666666666665
0 0.48884976525821594 0.6541666666666667 0.017605633802816902 0.041666666666666664
0 0.4765258215962441 0.6864583333333333 0.014084507042253521 0.027083333333333334
0 0.3714788732394366 0.4625 0.015258215962441314 0.03333333333333333
0 0.414906103286385 0.346875 0.012910798122065728 0.03125
0 0.38438967136150237 0.446875 0.017605633802816902 0.03125
0 0.40375586854460094 0.20520833333333333 0.011737089201877934 0.035416666666666666
0 0.43133802816901406 0.4166666666666667 0.015258215962441314 0.03333333333333333
0 0.38497652582159625 0.2 0.009389671361502348 0.03333333333333333
0 0.5616197183098591 0.75625 0.02699530516431925 0.03333333333333333
0 0.5311032863849765 0.7916666666666666 0.012910798122065728 0.025