1 0.11458333333333333 0.49080882352941174 0.019791666666666666 0.06801470588235294
1 0.09505208333333333 0.5078125 0.018229166666666668 0.05238970588235294
1 0.15390625 0.5353860294117647 0.021354166666666667 0.050551470588235295
1 0.18125 0.5477941176470589 0.025 0.05698529411764706
1 0.17265625 0.5868566176470589 0.021354166666666667 0.06341911764705882
1 0.14088541666666668 0.6056985294117647 0.0171875 0.06066176470588235
1 0.13984375 0.6020220588235294 0.0140625 0.029411764705882353
1 0.14114583333333333 0.6130514705882353 0.019791666666666666 0.06433823529411764
1 0.3723958333333333 0.44669117647058826 0.014583333333333334 0.04779411764705882
1 0.371875 0.45266544117647056 0.023958333333333335 0.06158088235294118
1 0.5708333333333333 0.5137867647058824 0.023958333333333335 0.0625
1 0.5625 0.5349264705882353 0.046875 0.04595588235294118
1 0.5611979166666666 0.5707720588235294 0.016145833333333335 0.058823529411764705