1 0.671875 0.5739889705882353 0.041666666666666664 0.16636029411764705
1 0.5263020833333333 0.8092830882352942 0.04635416666666667 0.15900735294117646
1 0.5177083333333333 0.8166360294117647 0.040625 0.14613970588235295
1 0.5346354166666667 0.8092830882352942 0.0265625 0.16819852941176472
1 0.47604166666666664 0.7895220588235294 0.034375 0.18933823529411764
1 0.41848958333333336 0.34650735294117646 0.0296875 0.13602941176470587
1 0.4388020833333333 0.4007352941176471 0.0421875 0.15441176470588236
1 0.46536458333333336 0.40579044117647056 0.03177083333333333 0.15165441176470587
1 0.4901041666666667 0.39797794117647056 0.028125 0.13786764705882354
1 0.54921875 0.4007352941176471 0.043229166666666666 0.10845588235294118
1 0.5588541666666667 0.15395220588235295 0.03958333333333333 0.13694852941176472
1 0.5161458333333333 0.18382352941176472 0.025 0.12316176470588236
1 0.4432291666666667 0.18428308823529413 0.03333333333333333 0.11121323529411764
1 0.42473958333333334 0.16084558823529413 0.027604166666666666 0.10294117647058823