1 0.16822916666666668 0.8382352941176471 0.03854166666666667 0.09558823529411764
1 0.17213541666666668 0.7881433823529411 0.019270833333333334 0.0744485294117647
1 0.19635416666666666 0.8340992647058824 0.03229166666666667 0.09466911764705882
1 0.23411458333333332 0.8102022058823529 0.03802083333333333 0.1130514705882353
1 0.30364583333333334 0.7927389705882353 0.0375 0.09650735294117647
1 0.28177083333333336 0.8409926470588235 0.027083333333333334 0.05330882352941176
1 0.28359375 0.9025735294117647 0.03697916666666667 0.10477941176470588
1 0.3223958333333333 0.890625 0.03333333333333333 0.10110294117647059
1 0.5440104166666667 0.49264705882352944 0.025520833333333333 0.09375
1 0.7184895833333333 0.6355698529411765 0.027604166666666666 0.09466911764705882
1 0.8265625 0.45128676470588236 0.019791666666666666 0.09191176470588236
1 0.7854166666666667 0.3952205882352941 0.027083333333333334 0.08088235294117647
1 0.8059895833333334 0.37224264705882354 0.022395833333333334 0.07720588235294118