1 0.55859375 0.3552389705882353 0.0140625 0.03400735294117647
1 0.5625 0.3791360294117647 0.025 0.03768382352941176
1 0.5869791666666667 0.40670955882352944 0.020833333333333332 0.057904411764705885
1 0.6041666666666666 0.3975183823529412 0.017708333333333333 0.06709558823529412
1 0.5104166666666666 0.5064338235294118 0.023958333333333335 0.04779411764705882
1 0.45625 0.6328125 0.020833333333333332 0.07628676470588236
1 0.3606770833333333 0.6424632352941176 0.0265625 0.07720588235294118
1 0.340625 0.6659007352941176 0.022916666666666665 0.0818014705882353
1 0.3221354166666667 0.7063419117647058 0.018229166666666668 0.0744485294117647
1 0.3059895833333333 0.6976102941176471 0.018229166666666668 0.06801470588235294
1 0.30234375 0.6567095588235294 0.0140625 0.03400735294117647
1 0.46380208333333334 0.49356617647058826 0.018229166666666668 0.07720588235294118
1 0.47552083333333334 0.48299632352941174 0.014583333333333334 0.07077205882352941
1 0.45390625 0.47472426470588236 0.0140625 0.07628676470588236