1 0.21354166666666666 0.44485294117647056 0.042708333333333334 0.08088235294117647
1 0.33958333333333335 0.3943014705882353 0.03125 0.06066176470588235
1 0.35442708333333334 0.36075367647058826 0.0265625 0.05974264705882353
1 0.5661458333333333 0.2495404411764706 0.03229166666666667 0.07077205882352941
1 0.5606770833333333 0.1875 0.025520833333333333 0.0661764705882353
1 0.5838541666666667 0.14246323529411764 0.026041666666666668 0.07536764705882353
1 0.6091145833333333 0.14384191176470587 0.0296875 0.078125
1 0.634375 0.14568014705882354 0.022916666666666665 0.06341911764705882
1 0.6518229166666667 0.19347426470588236 0.024479166666666666 0.057904411764705885
1 0.6270833333333333 0.23805147058823528 0.034375 0.0625
1 0.5955729166666667 0.26516544117647056 0.027604166666666666 0.08547794117647059