1 0.2981770833333333 0.7931985294117647 0.011979166666666667 0.03308823529411765
1 0.3033854166666667 0.7734375 0.0140625 0.02849264705882353
1 0.2872395833333333 0.7651654411764706 0.0140625 0.03400735294117647
1 0.27291666666666664 0.7706801470588235 0.016666666666666666 0.03400735294117647
1 0.28359375 0.7899816176470589 0.011979166666666667 0.02665441176470588
1 0.2760416666666667 0.8161764705882353 0.011458333333333333 0.02389705882352941
1 0.278125 0.8198529411764706 0.0125 0.029411764705882353
1 0.25416666666666665 0.7242647058823529 0.011458333333333333 0.025735294117647058
1 0.25286458333333334 0.7440257352941176 0.0109375 0.03216911764705882
1 0.41380208333333335 0.7118566176470589 0.013020833333333334 0.03400735294117647
1 0.4161458333333333 0.6939338235294118 0.009375 0.022058823529411766
1 0.5234375 0.8010110294117647 0.014583333333333334 0.03768382352941176
1 0.52890625 0.7587316176470589 0.0328125 0.03216911764705882
1 0.5296875 0.7467830882352942 0.010416666666666666 0.02665441176470588