1 0.42291666666666666 0.14476102941176472 0.03229166666666667 0.08547794117647059
1 0.44505208333333335 0.1801470588235294 0.03177083333333333 0.07352941176470588
1 0.46536458333333336 0.2734375 0.03802083333333333 0.13694852941176472
1 0.5401041666666667 0.17003676470588236 0.01875 0.10661764705882353
1 0.559375 0.16498161764705882 0.017708333333333333 0.1130514705882353
1 0.5796875 0.15165441176470587 0.035416666666666666 0.13051470588235295
1 0.54296875 0.4071691176470588 0.0484375 0.12316176470588236
1 0.6583333333333333 0.6148897058823529 0.052083333333333336 0.1488970588235294
1 0.43671875 0.4209558823529412 0.034895833333333334 0.14705882352941177
1 0.47317708333333336 0.42463235294117646 0.04010416666666667 0.13970588235294118
1 0.4744791666666667 0.8589154411764706 0.029166666666666667 0.15349264705882354
1 0.50625 0.8938419117647058 0.026041666666666668 0.13878676470588236
1 0.5359375 0.8952205882352942 0.03333333333333333 0.13786764705882354
1 0.5239583333333333 0.7927389705882353 0.030208333333333334 0.06893382352941177