1 0.09947916666666666 0.3947610294117647 0.04479166666666667 0.07261029411764706
1 0.12369791666666667 0.3727022058823529 0.0859375 0.06893382352941177
1 0.14166666666666666 0.29090073529411764 0.05 0.06341911764705882
1 0.4515625 0.4273897058823529 0.036458333333333336 0.08272058823529412
1 0.49322916666666666 0.31066176470588236 0.042708333333333334 0.07536764705882353
1 0.51484375 0.25 0.03802083333333333 0.09558823529411764
1 0.8044270833333333 0.23529411764705882 0.0359375 0.08823529411764706
1 0.803125 0.17095588235294118 0.03229166666666667 0.05698529411764706
1 0.8361979166666667 0.25137867647058826 0.033854166666666664 0.07628676470588236
1 0.8747395833333333 0.22242647058823528 0.03697916666666667 0.0974264705882353
1 0.8919270833333334 0.1792279411764706 0.0296875 0.07536764705882353
1 0.8713541666666667 0.14338235294117646 0.027083333333333334 0.0661764705882353
1 0.8513020833333333 0.12867647058823528 0.04010416666666667 0.06801470588235294
1 0.8252604166666667 0.12224264705882353 0.030729166666666665 0.051470588235294115