1 0.6744791666666666 0.5666360294117647 0.041666666666666664 0.16636029411764705
1 0.4783854166666667 0.7840073529411765 0.0328125 0.1801470588235294
1 0.46328125 0.17049632352941177 0.034895833333333334 0.12959558823529413
1 0.44817708333333334 0.40441176470588236 0.04010416666666667 0.14705882352941177
1 0.4674479166666667 0.3943014705882353 0.028645833333333332 0.13786764705882354
1 0.5052083333333334 0.3943014705882353 0.029166666666666667 0.14522058823529413
1 0.5486979166666667 0.3860294117647059 0.043229166666666666 0.10845588235294118
1 0.5598958333333334 0.13465073529411764 0.028125 0.13694852941176472
1 0.546875 0.17738970588235295 0.027083333333333334 0.13602941176470587
1 0.42864583333333334 0.2339154411764706 0.029166666666666667 0.11121323529411764
1 0.4239583333333333 0.15625 0.0375 0.10294117647058823
1 0.5294270833333333 0.7941176470588235 0.034895833333333334 0.1488970588235294
1 0.53515625 0.8005514705882353 0.03177083333333333 0.15073529411764705