1 0.678125 0.6332720588235294 0.023958333333333335 0.08088235294117647
1 0.7348958333333333 0.6213235294117647 0.017708333333333333 0.07720588235294118
1 0.69921875 0.4889705882352941 0.0203125 0.051470588235294115
1 0.7171875 0.37224264705882354 0.0125 0.06066176470588235
1 0.7229166666666667 0.36672794117647056 0.014583333333333334 0.05698529411764706
1 0.66953125 0.36672794117647056 0.0140625 0.03860294117647059
1 0.6614583333333334 0.3556985294117647 0.019791666666666666 0.04411764705882353
1 0.66875 0.47840073529411764 0.0125 0.06525735294117647
1 0.6440104166666667 0.4806985294117647 0.019270833333333334 0.07352941176470588
1 0.6578125 0.48943014705882354 0.017708333333333333 0.06525735294117647
1 0.6375 0.7306985294117647 0.015625 0.06985294117647059
1 0.6223958333333334 0.7146139705882353 0.015625 0.07628676470588236
1 0.65390625 0.6930147058823529 0.016145833333333335 0.034926470588235295
1 0.6567708333333333 0.7352941176470589 0.019791666666666666 0.06433823529411764