1 0.57578125 0.46277573529411764 0.0640625 0.05238970588235294
1 0.5877604166666667 0.4085477941176471 0.030729166666666665 0.05238970588235294
1 0.5747395833333333 0.5174632352941176 0.021354166666666667 0.08455882352941177
1 0.3372395833333333 0.3639705882352941 0.0203125 0.07536764705882353
1 0.3385416666666667 0.35018382352941174 0.01875 0.05698529411764706
1 0.01875 0.40579044117647056 0.035416666666666666 0.07628676470588236
1 0.08958333333333333 0.47702205882352944 0.03125 0.07536764705882353
1 0.11302083333333333 0.5390625 0.026041666666666668 0.07996323529411764
1 0.015885416666666666 0.5592830882352942 0.03177083333333333 0.09283088235294118
1 0.04296875 0.5280330882352942 0.03177083333333333 0.09099264705882353
1 0.05 0.49356617647058826 0.026041666666666668 0.07720588235294118