1 0.759375 0.6787683823529411 0.022916666666666665 0.0744485294117647
1 0.8731770833333333 0.7821691176470589 0.0171875 0.07904411764705882
1 0.8880208333333334 0.7941176470588235 0.019791666666666666 0.07904411764705882
1 0.9877604166666667 0.9080882352941176 0.016145833333333335 0.07352941176470588
1 0.98984375 0.8676470588235294 0.0171875 0.03308823529411765
1 0.6822916666666666 0.9103860294117647 0.014583333333333334 0.0744485294117647
1 0.6838541666666667 0.8731617647058824 0.01875 0.051470588235294115
1 0.525 0.75 0.023958333333333335 0.09191176470588236
1 0.46796875 0.796875 0.021354166666666667 0.0661764705882353
1 0.4270833333333333 0.8970588235294118 0.020833333333333332 0.06801470588235294
1 0.44973958333333336 0.8915441176470589 0.0390625 0.04411764705882353