1 0.23567708333333334 0.6277573529411765 0.019270833333333334 0.08823529411764706
1 0.2596354166666667 0.6121323529411765 0.025520833333333333 0.09191176470588236
1 0.19895833333333332 0.6006433823529411 0.015625 0.03952205882352941
1 0.19244791666666666 0.6392463235294118 0.016145833333333335 0.07261029411764706
1 0.20208333333333334 0.6530330882352942 0.016666666666666666 0.06709558823529412
1 0.34869791666666666 0.6452205882352942 0.027604166666666666 0.07536764705882353
1 0.43203125 0.5174632352941176 0.0171875 0.07904411764705882
1 0.4484375 0.5119485294117647 0.015625 0.07720588235294118
1 0.4661458333333333 0.5459558823529411 0.022916666666666665 0.07352941176470588
1 0.5984375 0.4420955882352941 0.04479166666666667 0.03860294117647059
1 0.6002604166666666 0.4954044117647059 0.0171875 0.06985294117647059
1 0.6205729166666667 0.48391544117647056 0.021354166666666667 0.06893382352941177
1 0.5971354166666667 0.4140625 0.024479166666666666 0.03952205882352941