1 0.5419270833333333 0.42693014705882354 0.0140625 0.07077205882352941
1 0.571875 0.4186580882352941 0.027083333333333334 0.06341911764705882
1 0.48489583333333336 0.31525735294117646 0.01875 0.04963235294117647
1 0.55078125 0.2945772058823529 0.016145833333333335 0.06893382352941177
1 0.6505208333333333 0.5041360294117647 0.017708333333333333 0.07628676470588236
1 0.5729166666666666 0.6185661764705882 0.01875 0.09191176470588236
1 0.5942708333333333 0.6213235294117647 0.014583333333333334 0.07904411764705882
1 0.6067708333333334 0.6291360294117647 0.013541666666666667 0.07628676470588236
1 0.5049479166666667 0.33869485294117646 0.016145833333333335 0.046875
1 0.5296875 0.42830882352941174 0.014583333333333334 0.07352941176470588
1 0.521875 0.42922794117647056 0.015625 0.06801470588235294
1 0.50625 0.42463235294117646 0.017708333333333333 0.0625