1 0.6869791666666667 0.6047794117647058 0.022916666666666665 0.07720588235294118
1 0.7375 0.6158088235294118 0.017708333333333333 0.08639705882352941
1 0.6940104166666666 0.48713235294117646 0.0203125 0.051470588235294115
1 0.7015625 0.36672794117647056 0.0125 0.06066176470588235
1 0.71171875 0.3635110294117647 0.011979166666666667 0.05974264705882353
1 0.6536458333333334 0.3648897058823529 0.013541666666666667 0.03676470588235294
1 0.6447916666666667 0.3400735294117647 0.017708333333333333 0.04044117647058824
1 0.6364583333333333 0.47840073529411764 0.013541666666666667 0.07261029411764706
1 0.6505208333333333 0.49264705882352944 0.016666666666666666 0.06985294117647059
1 0.6604166666666667 0.4641544117647059 0.015625 0.0625
1 0.6291666666666667 0.7141544117647058 0.017708333333333333 0.07720588235294118
1 0.64453125 0.7320772058823529 0.015104166666666667 0.06525735294117647
1 0.65546875 0.6976102941176471 0.0109375 0.05698529411764706
1 0.6643229166666667 0.7302389705882353 0.013020833333333334 0.07077205882352941