1 0.20208333333333334 0.29825367647058826 0.036458333333333336 0.06158088235294118
1 0.18203125 0.36672794117647056 0.0703125 0.05698529411764706
1 0.15234375 0.40119485294117646 0.0390625 0.078125
1 0.5096354166666667 0.4306066176470588 0.027604166666666666 0.07077205882352941
1 0.54765625 0.32628676470588236 0.0296875 0.06985294117647059
1 0.55234375 0.29641544117647056 0.024479166666666666 0.05606617647058824
1 0.8630208333333333 0.23713235294117646 0.03333333333333333 0.08088235294117647
1 0.8997395833333334 0.2555147058823529 0.04114583333333333 0.08088235294117647
1 0.9427083333333334 0.22748161764705882 0.03333333333333333 0.07628676470588236
1 0.9515625 0.17784926470588236 0.03333333333333333 0.04503676470588235
1 0.9325520833333333 0.14568014705882354 0.024479166666666666 0.05422794117647059
1 0.9114583333333334 0.12224264705882353 0.030208333333333334 0.05330882352941176
1 0.8864583333333333 0.125 0.030208333333333334 0.06066176470588235
1 0.8596354166666667 0.17876838235294118 0.03177083333333333 0.05974264705882353