1 0.38645833333333335 0.8180147058823529 0.023958333333333335 0.06433823529411764
1 0.4158854166666667 0.8483455882352942 0.0296875 0.058823529411764705
1 0.42994791666666665 0.8488051470588235 0.022395833333333334 0.05422794117647059
1 0.5380208333333333 0.6645220588235294 0.021875 0.05698529411764706
1 0.56015625 0.6557904411764706 0.0234375 0.06525735294117647
1 0.4315104166666667 0.20174632352941177 0.0234375 0.06525735294117647
1 0.4393229166666667 0.20726102941176472 0.022395833333333334 0.0744485294117647
1 0.46145833333333336 0.2109375 0.022916666666666665 0.07628676470588236
1 0.50234375 0.04917279411764706 0.027604166666666666 0.07077205882352941
1 0.565625 0.009191176470588236 0.029166666666666667 0.01838235294117647
1 0.5848958333333333 0.016544117647058824 0.020833333333333332 0.03308823529411765