1 0.5645833333333333 0.4572610294117647 0.01875 0.07077205882352941
1 0.5614583333333333 0.40808823529411764 0.042708333333333334 0.04044117647058824
1 0.57421875 0.3874080882352941 0.022395833333333334 0.05974264705882353
1 0.3502604166666667 0.3166360294117647 0.019270833333333334 0.07077205882352941
1 0.35078125 0.3134191176470588 0.018229166666666668 0.05698529411764706
1 0.13177083333333334 0.42141544117647056 0.023958333333333335 0.07261029411764706
1 0.12838541666666667 0.4774816176470588 0.028645833333333332 0.07077205882352941
1 0.0609375 0.3570772058823529 0.029166666666666667 0.07261029411764706
1 0.0390625 0.36764705882352944 0.022916666666666665 0.05330882352941176
1 0.09661458333333334 0.4338235294117647 0.024479166666666666 0.07352941176470588
1 0.08541666666666667 0.44669117647058826 0.020833333333333332 0.03125
1 0.08203125 0.49402573529411764 0.022395833333333334 0.05422794117647059