1 0.18489583333333334 0.29733455882352944 0.036458333333333336 0.06158088235294118
1 0.16302083333333334 0.3681066176470588 0.07395833333333333 0.05974264705882353
1 0.12682291666666667 0.3975183823529412 0.03697916666666667 0.0744485294117647
1 0.48828125 0.43244485294117646 0.027604166666666666 0.07077205882352941
1 0.52578125 0.33088235294117646 0.0296875 0.06985294117647059
1 0.5341145833333333 0.28308823529411764 0.0234375 0.05330882352941176
1 0.84375 0.23805147058823528 0.03333333333333333 0.08088235294117647
1 0.88515625 0.2555147058823529 0.04114583333333333 0.08088235294117647
1 0.921875 0.23115808823529413 0.03333333333333333 0.07628676470588236
1 0.9356770833333333 0.17784926470588236 0.03177083333333333 0.043198529411764705
1 0.91796875 0.1410845588235294 0.024479166666666666 0.05422794117647059
1 0.8953125 0.12040441176470588 0.030208333333333334 0.05330882352941176
1 0.8666666666666667 0.11948529411764706 0.030208333333333334 0.06066176470588235
1 0.8447916666666667 0.1645220588235294 0.03333333333333333 0.0625