1 0.3958333333333333 0.8327205882352942 0.023958333333333335 0.06433823529411764
1 0.42239583333333336 0.8616727941176471 0.028125 0.05606617647058824
1 0.43463541666666666 0.8630514705882353 0.021354166666666667 0.051470588235294115
1 0.5338541666666666 0.6925551470588235 0.022916666666666665 0.05974264705882353
1 0.5544270833333333 0.6801470588235294 0.022395833333333334 0.0625
1 0.4361979166666667 0.26378676470588236 0.022395833333333334 0.0625
1 0.44296875 0.26608455882352944 0.021354166666666667 0.07077205882352941
1 0.4578125 0.2780330882352941 0.021875 0.07261029411764706
1 0.48333333333333334 0.03630514705882353 0.026041666666666668 0.06709558823529412
1 0.5627604166666667 0.057904411764705885 0.027604166666666666 0.0661764705882353
1 0.584375 0.07674632352941177 0.01875 0.06893382352941177