1 0.346875 0.3759191176470588 0.026041666666666668 0.08823529411764706
1 0.29635416666666664 0.4655330882352941 0.021875 0.057904411764705885
1 0.32526041666666666 0.4719669117647059 0.043229166666666666 0.05238970588235294
1 0.41119791666666666 0.32536764705882354 0.0265625 0.09926470588235294
1 0.59296875 0.44025735294117646 0.021354166666666667 0.09191176470588236
1 0.59453125 0.4021139705882353 0.018229166666666668 0.03768382352941176
1 0.7971354166666667 0.32077205882352944 0.018229166666666668 0.08272058823529412
1 0.8174479166666667 0.3304227941176471 0.0234375 0.08731617647058823
1 0.9356770833333333 0.4227941176470588 0.021354166666666667 0.07720588235294118
1 0.9401041666666666 0.39659926470588236 0.013541666666666667 0.03768382352941176
1 0.9364583333333333 0.37224264705882354 0.017708333333333333 0.04044117647058824
1 0.6848958333333334 0.24126838235294118 0.029166666666666667 0.08731617647058823