1 0.2140625 0.4430147058823529 0.042708333333333334 0.08088235294117647
1 0.32864583333333336 0.3897058823529412 0.03125 0.06066176470588235
1 0.34921875 0.3524816176470588 0.0265625 0.05974264705882353
1 0.565625 0.24862132352941177 0.03229166666666667 0.07077205882352941
1 0.5611979166666666 0.18566176470588236 0.025520833333333333 0.0661764705882353
1 0.584375 0.14338235294117646 0.026041666666666668 0.07536764705882353
1 0.61015625 0.14384191176470587 0.0296875 0.078125
1 0.6333333333333333 0.14476102941176472 0.022916666666666665 0.06341911764705882
1 0.65234375 0.19071691176470587 0.024479166666666666 0.057904411764705885
1 0.6270833333333333 0.23805147058823528 0.034375 0.0625
1 0.5955729166666667 0.2633272058823529 0.027604166666666666 0.08547794117647059