1 0.5776041666666667 0.4572610294117647 0.07083333333333333 0.057904411764705885
1 0.5877604166666667 0.4021139705882353 0.030729166666666665 0.05238970588235294
1 0.5736979166666667 0.5082720588235294 0.0203125 0.08088235294117647
1 0.3372395833333333 0.35753676470588236 0.021354166666666667 0.07904411764705882
1 0.3380208333333333 0.34972426470588236 0.019791666666666666 0.05974264705882353
1 0.017708333333333333 0.3984375 0.035416666666666666 0.07628676470588236
1 0.0875 0.4733455882352941 0.03125 0.07536764705882353
1 0.14427083333333332 0.5335477941176471 0.026041666666666668 0.07996323529411764
1 0.016145833333333335 0.5473345588235294 0.03229166666666667 0.09283088235294118
1 0.04296875 0.5206801470588235 0.03177083333333333 0.09099264705882353
1 0.050520833333333334 0.4880514705882353 0.027083333333333334 0.08088235294117647