1 0.5411458333333333 0.5202205882352942 0.019791666666666666 0.06985294117647059
1 0.5752604166666667 0.5896139705882353 0.0203125 0.07077205882352941
1 0.47734375 0.4885110294117647 0.016145833333333335 0.07261029411764706
1 0.47734375 0.4889705882352941 0.0171875 0.06985294117647059
1 0.51875 0.3552389705882353 0.017708333333333333 0.05606617647058824
1 0.48489583333333336 0.3993566176470588 0.023958333333333335 0.06525735294117647
1 0.46796875 0.3662683823529412 0.015104166666666667 0.03400735294117647
1 0.45755208333333336 0.3515625 0.0171875 0.04136029411764706
1 0.5078125 0.6824448529411765 0.013541666666666667 0.03216911764705882
1 0.5135416666666667 0.7224264705882353 0.020833333333333332 0.0661764705882353
1 0.4984375 0.7215073529411765 0.017708333333333333 0.07169117647058823
1 0.4825520833333333 0.7164522058823529 0.0234375 0.08363970588235294
1 0.5184895833333333 0.48483455882352944 0.019270833333333334 0.05974264705882353