1 0.11302083333333333 0.4806985294117647 0.019791666666666666 0.06801470588235294
1 0.09453125 0.5050551470588235 0.018229166666666668 0.05238970588235294
1 0.15338541666666666 0.5340073529411765 0.0203125 0.04779411764705882
1 0.17916666666666667 0.5395220588235294 0.025 0.05698529411764706
1 0.17109375 0.5877757352941176 0.021354166666666667 0.06341911764705882
1 0.14036458333333332 0.5997242647058824 0.016145833333333335 0.057904411764705885
1 0.13880208333333333 0.5969669117647058 0.013020833333333334 0.02665441176470588
1 0.140625 0.609375 0.019791666666666666 0.06433823529411764
1 0.37109375 0.44393382352941174 0.0140625 0.04595588235294118
1 0.37135416666666665 0.4499080882352941 0.023958333333333335 0.06158088235294118
1 0.5708333333333333 0.5105698529411765 0.022916666666666665 0.05974264705882353
1 0.5625 0.5303308823529411 0.046875 0.04595588235294118
1 0.56171875 0.5680147058823529 0.016145833333333335 0.058823529411764705