1 0.3958333333333333 0.8318014705882353 0.023958333333333335 0.06433823529411764
1 0.421875 0.8589154411764706 0.028125 0.05606617647058824
1 0.43515625 0.8621323529411765 0.021354166666666667 0.051470588235294115
1 0.5338541666666666 0.6916360294117647 0.022916666666666665 0.05974264705882353
1 0.55390625 0.6783088235294118 0.022395833333333334 0.0625
1 0.43723958333333335 0.2624080882352941 0.0234375 0.06525735294117647
1 0.44296875 0.26700367647058826 0.021354166666666667 0.07077205882352941
1 0.459375 0.28170955882352944 0.021875 0.07261029411764706
1 0.48098958333333336 0.050091911764705885 0.027604166666666666 0.07077205882352941
1 0.5627604166666667 0.057904411764705885 0.027604166666666666 0.0661764705882353
1 0.5838541666666667 0.07766544117647059 0.019791666666666666 0.07261029411764706