1 0.13854166666666667 0.14522058823529413 0.030208333333333334 0.08455882352941177
1 0.17916666666666667 0.1479779411764706 0.06458333333333334 0.09375
1 0.24713541666666666 0.07766544117647059 0.0421875 0.07261029411764706
1 0.4153645833333333 0.4586397058823529 0.03802083333333333 0.07720588235294118
1 0.47760416666666666 0.4039522058823529 0.029166666666666667 0.06709558823529412
1 0.49895833333333334 0.3818933823529412 0.034375 0.04871323529411765
1 0.78828125 0.6015625 0.0390625 0.07996323529411764
1 0.8200520833333333 0.6424632352941176 0.030729166666666665 0.0661764705882353
1 0.8708333333333333 0.6686580882352942 0.051041666666666666 0.06341911764705882
1 0.8947916666666667 0.6332720588235294 0.03125 0.051470588235294115
1 0.8856770833333333 0.5813419117647058 0.0296875 0.04503676470588235
1 0.86484375 0.5459558823529411 0.049479166666666664 0.05514705882352941
1 0.8442708333333333 0.5160845588235294 0.03854166666666667 0.050551470588235295
1 0.80234375 0.5353860294117647 0.0390625 0.05422794117647059