1 0.3890625 0.3083639705882353 0.027083333333333334 0.05606617647058824
1 0.37604166666666666 0.36994485294117646 0.03958333333333333 0.06341911764705882
1 0.35625 0.35431985294117646 0.026041666666666668 0.05606617647058824
1 0.5036458333333333 0.28262867647058826 0.027083333333333334 0.07996323529411764
1 0.59765625 0.4586397058823529 0.0234375 0.09191176470588236
1 0.6 0.45174632352941174 0.021875 0.1056985294117647
1 0.6158854166666666 0.4329044117647059 0.022395833333333334 0.10110294117647059
1 0.87734375 0.4375 0.0234375 0.10845588235294118
1 0.8091145833333333 0.30330882352941174 0.028645833333333332 0.09558823529411764
1 0.9614583333333333 0.5919117647058824 0.022916666666666665 0.1213235294117647
1 0.9760416666666667 0.5859375 0.019791666666666666 0.10202205882352941
1 0.9828125 0.5675551470588235 0.01875 0.10202205882352941