1 0.6708333333333333 0.5776654411764706 0.041666666666666664 0.16636029411764705
1 0.53671875 0.8138786764705882 0.044270833333333336 0.15165441176470587
1 0.5104166666666666 0.8212316176470589 0.03854166666666667 0.13878676470588236
1 0.5283854166666667 0.7844669117647058 0.0265625 0.16819852941176472
1 0.47317708333333336 0.7922794117647058 0.0359375 0.19852941176470587
1 0.41744791666666664 0.37683823529411764 0.0296875 0.13602941176470587
1 0.43046875 0.40349264705882354 0.0421875 0.15441176470588236
1 0.46328125 0.4094669117647059 0.03177083333333333 0.15165441176470587
1 0.48932291666666666 0.4021139705882353 0.0265625 0.13143382352941177
1 0.54765625 0.40625 0.043229166666666666 0.10845588235294118
1 0.559375 0.1567095588235294 0.03958333333333333 0.13694852941176472
1 0.5010416666666667 0.19347426470588236 0.026041666666666668 0.12959558823529413
1 0.4427083333333333 0.18887867647058823 0.03333333333333333 0.11121323529411764
1 0.42265625 0.16268382352941177 0.027604166666666666 0.10294117647058823