1 0.7497395833333333 0.7169117647058824 0.028645833333333332 0.11948529411764706
1 0.7713541666666667 0.6985294117647058 0.023958333333333335 0.11397058823529412
1 0.86484375 0.5574448529411765 0.03177083333333333 0.12775735294117646
1 0.65234375 0.8920036764705882 0.027604166666666666 0.12040441176470588
1 0.6838541666666667 0.9021139705882353 0.03125 0.11488970588235294
1 0.7169270833333333 0.9016544117647058 0.0390625 0.12316176470588236
1 0.61796875 0.3115808823529412 0.024479166666666666 0.08088235294117647
1 0.5192708333333333 0.5105698529411765 0.021875 0.09650735294117647
1 0.5369791666666667 0.5045955882352942 0.026041666666666668 0.11213235294117647
1 0.56015625 0.5068933823529411 0.0234375 0.10018382352941177
1 0.57578125 0.5 0.022395833333333334 0.11397058823529412
1 0.54921875 0.2936580882352941 0.0265625 0.07077205882352941
1 0.49973958333333335 0.33455882352941174 0.024479166666666666 0.05514705882352941
1 0.48203125 0.3023897058823529 0.0296875 0.0661764705882353