1 0.49322916666666666 0.49402573529411764 0.022916666666666665 0.08915441176470588
1 0.49296875 0.43566176470588236 0.025520833333333333 0.04779411764705882
1 0.6286458333333333 0.6911764705882353 0.020833333333333332 0.09191176470588236
1 0.7890625 0.5634191176470589 0.023958333333333335 0.08455882352941177
1 0.7622395833333333 0.5059742647058824 0.05260416666666667 0.06893382352941177
1 0.7765625 0.45266544117647056 0.029166666666666667 0.06158088235294118
1 0.20130208333333333 0.7909007352941176 0.033854166666666664 0.10018382352941177
1 0.20442708333333334 0.6934742647058824 0.03697916666666667 0.09099264705882353
1 0.18020833333333333 0.7380514705882353 0.03854166666666667 0.08455882352941177
1 0.16354166666666667 0.7853860294117647 0.036458333333333336 0.1056985294117647
1 0.14375 0.6939338235294118 0.03229166666666667 0.08639705882352941
1 0.10130208333333333 0.6884191176470589 0.03802083333333333 0.08272058823529412
1 0.0765625 0.6824448529411765 0.03125 0.08731617647058823
1 0.08515625 0.6314338235294118 0.0265625 0.05330882352941176