1 0.37057291666666664 0.34099264705882354 0.034895833333333334 0.07352941176470588
1 0.43046875 0.2899816176470588 0.024479166666666666 0.05238970588235294
1 0.44921875 0.27068014705882354 0.028645833333333332 0.05974264705882353
1 0.73125 0.5243566176470589 0.026041666666666668 0.07077205882352941
1 0.7557291666666667 0.4641544117647059 0.041666666666666664 0.06985294117647059
1 0.7635416666666667 0.5657169117647058 0.04583333333333333 0.08731617647058823
1 0.8065104166666667 0.6043198529411765 0.0484375 0.07628676470588236
1 0.834375 0.5652573529411765 0.03125 0.04779411764705882
1 0.8346354166666666 0.515625 0.034895833333333334 0.05698529411764706
1 0.81953125 0.46599264705882354 0.033854166666666664 0.05698529411764706
1 0.7934895833333333 0.44393382352941174 0.030729166666666665 0.05330882352941176