1 0.07265625 0.5629595588235294 0.0265625 0.09466911764705882
1 0.05755208333333333 0.5978860294117647 0.024479166666666666 0.07996323529411764
1 0.11484375 0.6112132352941176 0.028645833333333332 0.09558823529411764
1 0.20052083333333334 0.6617647058823529 0.03854166666666667 0.0974264705882353
1 0.35963541666666665 0.5257352941176471 0.019270833333333334 0.08823529411764706
1 0.3765625 0.5330882352941176 0.017708333333333333 0.09375
1 0.3971354166666667 0.5459558823529411 0.0203125 0.06985294117647059
1 0.40625 0.6001838235294118 0.028125 0.08455882352941177
1 0.6302083333333334 0.5932904411764706 0.025 0.10018382352941177
1 0.6497395833333334 0.5730698529411765 0.0234375 0.07261029411764706
1 0.6442708333333333 0.5087316176470589 0.023958333333333335 0.05238970588235294