1 0.07083333333333333 0.40119485294117646 0.04479166666666667 0.07261029411764706
1 0.11848958333333333 0.3772977941176471 0.08177083333333333 0.06525735294117647
1 0.11041666666666666 0.2890625 0.05 0.06341911764705882
1 0.42604166666666665 0.42922794117647056 0.036458333333333336 0.08272058823529412
1 0.48541666666666666 0.31893382352941174 0.042708333333333334 0.07536764705882353
1 0.48776041666666664 0.23988970588235295 0.03802083333333333 0.09558823529411764
1 0.78046875 0.23805147058823528 0.0359375 0.08823529411764706
1 0.77578125 0.18152573529411764 0.030729166666666665 0.05422794117647059
1 0.8153645833333333 0.25045955882352944 0.033854166666666664 0.07628676470588236
1 0.84921875 0.22794117647058823 0.03697916666666667 0.0974264705882353
1 0.871875 0.18290441176470587 0.028125 0.07169117647058823
1 0.853125 0.14568014705882354 0.026041666666666668 0.06341911764705882
1 0.8309895833333333 0.13143382352941177 0.04010416666666667 0.06801470588235294
1 0.7986979166666667 0.12408088235294118 0.030729166666666665 0.051470588235294115