1 0.1203125 0.7385110294117647 0.022916666666666665 0.07261029411764706
1 0.11901041666666666 0.6897977941176471 0.016145833333333335 0.04503676470588235
1 0.12682291666666667 0.6746323529411765 0.013020833333333334 0.0625
1 0.13333333333333333 0.6433823529411765 0.019791666666666666 0.05698529411764706
1 0.15625 0.6875 0.020833333333333332 0.06433823529411764
1 0.16666666666666666 0.65625 0.017708333333333333 0.05698529411764706
1 0.09348958333333333 0.5909926470588235 0.0265625 0.06985294117647059
1 0.07291666666666667 0.6107536764705882 0.01875 0.06158088235294118
1 0.07239583333333334 0.5785845588235294 0.009375 0.030330882352941176
1 0.35885416666666664 0.5657169117647058 0.013541666666666667 0.057904411764705885
1 0.36822916666666666 0.5386029411764706 0.013541666666666667 0.05330882352941176
1 0.5596354166666667 0.6930147058823529 0.0203125 0.06433823529411764
1 0.5533854166666666 0.6392463235294118 0.0453125 0.04871323529411765
1 0.5700520833333333 0.6121323529411765 0.021354166666666667 0.05698529411764706