1 0.4236979166666667 0.2849264705882353 0.033854166666666664 0.0900735294117647
1 0.44609375 0.32306985294117646 0.027604166666666666 0.0744485294117647
1 0.5427083333333333 0.31433823529411764 0.022916666666666665 0.11213235294117647
1 0.5565104166666667 0.30330882352941174 0.015104166666666667 0.11764705882352941
1 0.5700520833333333 0.28170955882352944 0.028645833333333332 0.1332720588235294
1 0.54765625 0.5523897058823529 0.04635416666666667 0.11948529411764706
1 0.6666666666666666 0.7637867647058824 0.036458333333333336 0.14522058823529413
1 0.46588541666666666 0.4264705882352941 0.0296875 0.13051470588235295
1 0.47161458333333334 0.5647977941176471 0.030729166666666665 0.14246323529411764
1 0.43828125 0.5684742647058824 0.034895833333333334 0.1645220588235294
1 0.47239583333333335 0.9641544117647058 0.025 0.07169117647058823
1 0.5309895833333333 0.9397977941176471 0.030729166666666665 0.07996323529411764