1 0.3963541666666667 0.8267463235294118 0.022916666666666665 0.06158088235294118
1 0.421875 0.8543198529411765 0.028125 0.05606617647058824
1 0.43515625 0.8575367647058824 0.021354166666666667 0.051470588235294115
1 0.5348958333333333 0.6852022058823529 0.022916666666666665 0.05974264705882353
1 0.55546875 0.6727941176470589 0.022395833333333334 0.0625
1 0.43203125 0.25045955882352944 0.0234375 0.06525735294117647
1 0.4440104166666667 0.2624080882352941 0.022395833333333334 0.0744485294117647
1 0.4583333333333333 0.27619485294117646 0.021875 0.07261029411764706
1 0.47994791666666664 0.06571691176470588 0.027604166666666666 0.07077205882352941
1 0.5643229166666667 0.050551470588235295 0.027604166666666666 0.0661764705882353
1 0.5854166666666667 0.06755514705882353 0.019791666666666666 0.07261029411764706