1 0.6747395833333333 0.6461397058823529 0.016145833333333335 0.08823529411764706
1 0.5919270833333333 0.7256433823529411 0.022395833333333334 0.09466911764705882
1 0.6158854166666666 0.7316176470588235 0.016145833333333335 0.08823529411764706
1 0.6291666666666667 0.734375 0.015625 0.0900735294117647
1 0.56796875 0.5114889705882353 0.018229166666666668 0.07077205882352941
1 0.5598958333333334 0.5955882352941176 0.015625 0.07720588235294118
1 0.5458333333333333 0.5983455882352942 0.017708333333333333 0.08455882352941177
1 0.5325520833333334 0.5969669117647058 0.015104166666666667 0.078125
1 0.51875 0.5969669117647058 0.013541666666666667 0.07077205882352941
1 0.5815104166666667 0.6024816176470589 0.022395833333333334 0.05238970588235294
1 0.4981770833333333 0.5307904411764706 0.0171875 0.04503676470588235