1 0.11614583333333334 0.5905330882352942 0.03125 0.109375
1 0.19895833333333332 0.6318933823529411 0.03854166666666667 0.11121323529411764
1 0.05677083333333333 0.5147058823529411 0.026041666666666668 0.10110294117647059
1 0.0390625 0.5597426470588235 0.034375 0.10294117647058823
1 0.4203125 0.5735294117647058 0.03229166666666667 0.10294117647058823
1 0.42161458333333335 0.49172794117647056 0.0203125 0.09191176470588236
1 0.4244791666666667 0.4921875 0.026041666666666668 0.0818014705882353
1 0.6901041666666666 0.5974264705882353 0.03125 0.12867647058823528
1 0.71328125 0.5225183823529411 0.019270833333333334 0.06525735294117647
1 0.7203125 0.5045955882352942 0.07395833333333333 0.03860294117647059
1 0.7278645833333334 0.4742647058823529 0.0171875 0.05698529411764706