1 0.5541666666666667 0.4306066176470588 0.014583333333333334 0.0744485294117647
1 0.5786458333333333 0.42784926470588236 0.027083333333333334 0.06341911764705882
1 0.49635416666666665 0.3161764705882353 0.01875 0.04963235294117647
1 0.5627604166666667 0.29641544117647056 0.016145833333333335 0.06893382352941177
1 0.6619791666666667 0.5068933823529411 0.017708333333333333 0.07628676470588236
1 0.584375 0.6227022058823529 0.019791666666666666 0.09650735294117647
1 0.6171875 0.6305147058823529 0.0125 0.07904411764705882
1 0.6072916666666667 0.6231617647058824 0.014583333333333334 0.08088235294117647
1 0.5169270833333334 0.33869485294117646 0.016145833333333335 0.046875
1 0.5401041666666667 0.4329044117647059 0.019791666666666666 0.07720588235294118
1 0.5328125 0.43152573529411764 0.014583333333333334 0.07261029411764706
1 0.5182291666666666 0.4273897058823529 0.015625 0.0625