1 0.4986979166666667 0.7982536764705882 0.0328125 0.13694852941176472
1 0.4466145833333333 0.8175551470588235 0.0359375 0.13143382352941177
1 0.28802083333333334 0.90625 0.025 0.10294117647058823
1 0.25677083333333334 0.9076286764705882 0.026041666666666668 0.109375
1 0.25104166666666666 0.8203125 0.027083333333333334 0.06158088235294118
1 0.6223958333333334 0.7440257352941176 0.035416666666666666 0.12591911764705882
1 0.5231770833333333 0.5261948529411765 0.034895833333333334 0.109375
1 0.5096354166666667 0.5266544117647058 0.027604166666666666 0.10110294117647059
1 0.4934895833333333 0.5064338235294118 0.016145833333333335 0.10845588235294118
1 0.4752604166666667 0.5147058823529411 0.022395833333333334 0.10661764705882353
1 0.72109375 0.40579044117647056 0.022395833333333334 0.08915441176470588
1 0.7130208333333333 0.3350183823529412 0.021875 0.07996323529411764
1 0.6419270833333334 0.3727022058823529 0.03802083333333333 0.050551470588235295
1 0.63828125 0.3368566176470588 0.0296875 0.057904411764705885