1 0.6088541666666667 0.31433823529411764 0.03333333333333333 0.09375
1 0.6494791666666667 0.6291360294117647 0.028125 0.08915441176470588
1 0.6692708333333334 0.6190257352941176 0.019791666666666666 0.08915441176470588
1 0.5645833333333333 0.7711397058823529 0.026041666666666668 0.0661764705882353
1 0.54609375 0.7996323529411765 0.024479166666666666 0.07536764705882353
1 0.5223958333333333 0.8056066176470589 0.03229166666666667 0.08915441176470588
1 0.5520833333333334 0.23805147058823528 0.025 0.08823529411764706
1 0.5309895833333333 0.24816176470588236 0.0265625 0.09558823529411764
1 0.5078125 0.23943014705882354 0.029166666666666667 0.09834558823529412
1 0.48776041666666664 0.20909926470588236 0.0234375 0.08915441176470588
1 0.4674479166666667 0.20634191176470587 0.028645833333333332 0.0744485294117647
1 0.46927083333333336 0.15211397058823528 0.020833333333333332 0.03216911764705882