1 0.675 0.5712316176470589 0.041666666666666664 0.16636029411764705
1 0.47890625 0.7886029411764706 0.0328125 0.1801470588235294
1 0.4265625 0.28125 0.027083333333333334 0.12316176470588236
1 0.4466145833333333 0.40349264705882354 0.04010416666666667 0.14705882352941177
1 0.4674479166666667 0.39981617647058826 0.028645833333333332 0.13786764705882354
1 0.49166666666666664 0.39705882352941174 0.028125 0.13786764705882354
1 0.5513020833333333 0.3897058823529412 0.043229166666666666 0.10845588235294118
1 0.5520833333333334 0.15900735294117646 0.041666666666666664 0.14338235294117646
1 0.5427083333333333 0.1801470588235294 0.027083333333333334 0.13602941176470587
1 0.44166666666666665 0.1879595588235294 0.03333333333333333 0.11121323529411764
1 0.42682291666666666 0.15716911764705882 0.027604166666666666 0.10294117647058823
1 0.51796875 0.8079044117647058 0.034895833333333334 0.1488970588235294
1 0.53671875 0.8097426470588235 0.03177083333333333 0.15073529411764705