1 0.5549479166666667 0.42049632352941174 0.015104166666666667 0.078125
1 0.57890625 0.4131433823529412 0.024479166666666666 0.057904411764705885
1 0.49661458333333336 0.31204044117647056 0.018229166666666668 0.046875
1 0.5638020833333334 0.28722426470588236 0.0171875 0.07261029411764706
1 0.66328125 0.4963235294117647 0.019270833333333334 0.08455882352941177
1 0.5848958333333333 0.6070772058823529 0.019791666666666666 0.09650735294117647
1 0.6078125 0.6185661764705882 0.0125 0.07904411764705882
1 0.6229166666666667 0.6158088235294118 0.014583333333333334 0.08088235294117647
1 0.51640625 0.33409926470588236 0.016145833333333335 0.046875
1 0.54375 0.4209558823529412 0.01875 0.07352941176470588
1 0.53046875 0.42049632352941174 0.015104166666666667 0.07628676470588236
1 0.5171875 0.4172794117647059 0.015625 0.0625