1 0.6830729166666667 0.3717830882352941 0.0140625 0.057904411764705885
1 0.6924479166666667 0.3662683823529412 0.0140625 0.05974264705882353
1 0.628125 0.34558823529411764 0.016666666666666666 0.03125
1 0.6346354166666667 0.36764705882352944 0.016145833333333335 0.03676470588235294
1 0.6052083333333333 0.47931985294117646 0.017708333333333333 0.06893382352941177
1 0.6200520833333333 0.4912683823529412 0.018229166666666668 0.07261029411764706
1 0.63203125 0.4724264705882353 0.011979166666666667 0.05698529411764706
1 0.6611979166666667 0.4921875 0.025520833333333333 0.07077205882352941
1 0.63515625 0.6378676470588235 0.0234375 0.08272058823529412
1 0.6947916666666667 0.6204044117647058 0.016666666666666666 0.07720588235294118
1 0.6140625 0.7348345588235294 0.021875 0.0744485294117647
1 0.6096354166666667 0.6943933823529411 0.0171875 0.03768382352941176
1 0.5932291666666667 0.7339154411764706 0.017708333333333333 0.07077205882352941
1 0.5809895833333333 0.7104779411764706 0.021354166666666667 0.08088235294117647