1 0.79921875 0.4407169117647059 0.043229166666666666 0.024816176470588234
1 0.8236979166666667 0.44577205882352944 0.019270833333333334 0.09191176470588236
1 0.84375 0.5032169117647058 0.021875 0.109375
1 0.8098958333333334 0.4039522058823529 0.026041666666666668 0.04871323529411765
1 0.5541666666666667 0.6636029411764706 0.036458333333333336 0.11764705882352941
1 0.5755208333333334 0.5179227941176471 0.016666666666666666 0.1130514705882353
1 0.5578125 0.5124080882352942 0.020833333333333332 0.10386029411764706
1 0.5497395833333333 0.45450367647058826 0.016145833333333335 0.05238970588235294
1 0.4231770833333333 0.6948529411764706 0.0328125 0.125
1 0.3528645833333333 0.7077205882352942 0.027604166666666666 0.125
1 0.20052083333333334 0.6976102941176471 0.025 0.10845588235294118
1 0.18177083333333333 0.6631433823529411 0.021875 0.09099264705882353
1 0.19921875 0.6185661764705882 0.021354166666666667 0.06066176470588235