1 0.5572916666666666 0.4788602941176471 0.014583333333333334 0.07352941176470588
1 0.5708333333333333 0.48161764705882354 0.016666666666666666 0.07352941176470588
1 0.58203125 0.45818014705882354 0.016145833333333335 0.06158088235294118
1 0.6080729166666666 0.4802389705882353 0.022395833333333334 0.05606617647058824
1 0.6184895833333334 0.36075367647058826 0.011979166666666667 0.05606617647058824
1 0.6283854166666667 0.3552389705882353 0.015104166666666667 0.06525735294117647
1 0.5606770833333333 0.34237132352941174 0.018229166666666668 0.035845588235294115
1 0.5700520833333333 0.36121323529411764 0.016145833333333335 0.04411764705882353
1 0.6098958333333333 0.5886948529411765 0.019791666666666666 0.07261029411764706
1 0.6572916666666667 0.5997242647058824 0.014583333333333334 0.07261029411764706
1 0.5544270833333333 0.7049632352941176 0.019270833333333334 0.07720588235294118
1 0.5697916666666667 0.7215073529411765 0.016666666666666666 0.07352941176470588
1 0.5828125 0.6852022058823529 0.011458333333333333 0.043198529411764705
1 0.5885416666666666 0.71875 0.01875 0.06801470588235294