1 0.21197916666666666 0.44577205882352944 0.042708333333333334 0.08088235294117647
1 0.34375 0.39705882352941174 0.03125 0.06066176470588235
1 0.35494791666666664 0.36902573529411764 0.0265625 0.05974264705882353
1 0.5635416666666667 0.2522977941176471 0.03229166666666667 0.07077205882352941
1 0.5596354166666667 0.1875 0.025520833333333333 0.0661764705882353
1 0.5807291666666666 0.14154411764705882 0.026041666666666668 0.07536764705882353
1 0.6065104166666667 0.14476102941176472 0.0296875 0.078125
1 0.6333333333333333 0.14568014705882354 0.022916666666666665 0.06341911764705882
1 0.64921875 0.1953125 0.024479166666666666 0.057904411764705885
1 0.6197916666666666 0.2417279411764706 0.034375 0.0625
1 0.59296875 0.26608455882352944 0.027604166666666666 0.08547794117647059