1 0.3921875 0.8451286764705882 0.019791666666666666 0.1056985294117647
1 0.40572916666666664 0.8929227941176471 0.022916666666666665 0.12408088235294118
1 0.43984375 0.9099264705882353 0.0234375 0.11397058823529412
1 0.5875 0.8051470588235294 0.023958333333333335 0.14154411764705882
1 0.6348958333333333 0.7945772058823529 0.025 0.1130514705882353
1 0.75234375 0.7316176470588235 0.0390625 0.12683823529411764
1 0.628125 0.5238970588235294 0.028125 0.11029411764705882
1 0.6138020833333333 0.5252757352941176 0.022395833333333334 0.10018382352941177
1 0.5950520833333334 0.5078125 0.015104166666666667 0.09834558823529412
1 0.5796875 0.5027573529411765 0.022916666666666665 0.09558823529411764
1 0.7921875 0.33639705882352944 0.025 0.08455882352941177
1 0.8143229166666667 0.390625 0.027604166666666666 0.09191176470588236
1 0.7213541666666666 0.3602941176470588 0.04375 0.0625
1 0.7138020833333333 0.3272058823529412 0.028645833333333332 0.04595588235294118