1 0.11041666666666666 0.4954044117647059 0.019791666666666666 0.06801470588235294
1 0.09244791666666667 0.5133272058823529 0.018229166666666668 0.05238970588235294
1 0.15182291666666667 0.5418198529411765 0.021354166666666667 0.050551470588235295
1 0.17604166666666668 0.5597426470588235 0.025 0.05698529411764706
1 0.17005208333333333 0.5850183823529411 0.021354166666666667 0.06341911764705882
1 0.13880208333333333 0.6125919117647058 0.016145833333333335 0.057904411764705885
1 0.13619791666666667 0.6190257352941176 0.016145833333333335 0.03400735294117647
1 0.13802083333333334 0.6213235294117647 0.020833333333333332 0.06801470588235294
1 0.3692708333333333 0.45496323529411764 0.014583333333333334 0.04779411764705882
1 0.36822916666666666 0.46277573529411764 0.023958333333333335 0.06158088235294118
1 0.5682291666666667 0.5220588235294118 0.023958333333333335 0.0625
1 0.5611979166666666 0.5386029411764706 0.049479166666666664 0.04779411764705882
1 0.5591145833333333 0.5767463235294118 0.0171875 0.06158088235294118