1 0.7583333333333333 0.7504595588235294 0.022916666666666665 0.0744485294117647
1 0.8799479166666667 0.8612132352941176 0.0171875 0.07904411764705882
1 0.8947916666666667 0.8731617647058824 0.019791666666666666 0.07904411764705882
1 0.9908854166666666 0.9613970588235294 0.0171875 0.07720588235294118
1 0.9901041666666667 0.9044117647058824 0.01875 0.03676470588235294
1 0.00035413958333333336 0.0009246047794117647 0.000008409270833333332 0.00007518520220588235
1 0.6817708333333333 0.9646139705882353 0.019791666666666666 0.05422794117647059
1 0.51640625 0.8239889705882353 0.025520833333333333 0.09650735294117647
1 0.45703125 0.8768382352941176 0.021354166666666667 0.0661764705882353
1 0.00021538645833333334 0.0009056011029411764 0.000011393229166666665 0.00006589264705882353
1 0.4122395833333333 0.9540441176470589 0.04114583333333333 0.04595588235294118