1 0.3859375 0.6392463235294118 0.026041666666666668 0.07996323529411764
1 0.3151041666666667 0.7109375 0.028125 0.06525735294117647
1 0.30442708333333335 0.8405330882352942 0.04635416666666667 0.043198529411764705
1 0.2833333333333333 0.8612132352941176 0.019791666666666666 0.04963235294117647
1 0.5604166666666667 0.7541360294117647 0.035416666666666666 0.07628676470588236
1 0.5510416666666667 0.7941176470588235 0.014583333333333334 0.025735294117647058
1 0.5559895833333334 0.8143382352941176 0.0203125 0.034926470588235295
1 0.5505208333333333 0.8382352941176471 0.019791666666666666 0.03125
1 0.55390625 0.8763786764705882 0.022395833333333334 0.06158088235294118
1 0.7653645833333333 0.6567095588235294 0.0171875 0.0744485294117647
1 0.78203125 0.6668198529411765 0.021354166666666667 0.07996323529411764
1 0.8791666666666667 0.7872242647058824 0.021875 0.03400735294117647
1 0.8791666666666667 0.8152573529411765 0.029166666666666667 0.025735294117647058
1 0.87578125 0.8538602941176471 0.0296875 0.05514705882352941