1 0.5635416666666667 0.46277573529411764 0.01875 0.07077205882352941
1 0.5604166666666667 0.4163602941176471 0.040625 0.03860294117647059
1 0.5731770833333333 0.3929227941176471 0.022395833333333334 0.05974264705882353
1 0.3580729166666667 0.32766544117647056 0.019270833333333334 0.07077205882352941
1 0.3580729166666667 0.3249080882352941 0.0171875 0.05422794117647059
1 0.14791666666666667 0.4287683823529412 0.022916666666666665 0.06893382352941177
1 0.14036458333333332 0.48575367647058826 0.028645833333333332 0.07077205882352941
1 0.08020833333333334 0.3694852941176471 0.028125 0.06985294117647059
1 0.059895833333333336 0.38878676470588236 0.022916666666666665 0.05330882352941176
1 0.11432291666666666 0.4430147058823529 0.0234375 0.06985294117647059
1 0.10052083333333334 0.4577205882352941 0.019791666666666666 0.029411764705882353
1 0.10390625 0.4958639705882353 0.022395833333333334 0.05422794117647059