1 0.43802083333333336 0.3414522058823529 0.016666666666666666 0.04136029411764706
1 0.4505208333333333 0.36534926470588236 0.015625 0.035845588235294115
1 0.4979166666666667 0.3602941176470588 0.013541666666666667 0.051470588235294115
1 0.5075520833333333 0.35294117647058826 0.011979166666666667 0.051470588235294115
1 0.46796875 0.42049632352941174 0.0203125 0.06525735294117647
1 0.45989583333333334 0.48299632352941174 0.019791666666666666 0.06893382352941177
1 0.44453125 0.47840073529411764 0.015104166666666667 0.06893382352941177
1 0.49713541666666666 0.47518382352941174 0.019270833333333334 0.05514705882352941
1 0.5140625 0.5431985294117647 0.020833333333333332 0.07536764705882353
1 0.553125 0.5873161764705882 0.020833333333333332 0.07720588235294118
1 0.49140625 0.7205882352941176 0.018229166666666668 0.06985294117647059
1 0.47265625 0.7284007352941176 0.0171875 0.0744485294117647
1 0.45651041666666664 0.7095588235294118 0.022395833333333334 0.07904411764705882
1 0.4828125 0.6783088235294118 0.016666666666666666 0.034926470588235295