1 0.2526041666666667 0.8285845588235294 0.029166666666666667 0.057904411764705885
1 0.2825520833333333 0.8244485294117647 0.04739583333333333 0.04595588235294118
1 0.28802083333333334 0.6976102941176471 0.027083333333333334 0.05514705882352941
1 0.3619791666666667 0.6305147058823529 0.026041666666666668 0.07536764705882353
1 0.5299479166666666 0.7568933823529411 0.022395833333333334 0.07077205882352941
1 0.5221354166666666 0.7991727941176471 0.016145833333333335 0.030330882352941176
1 0.5268229166666667 0.8226102941176471 0.0234375 0.04779411764705882
1 0.5174479166666667 0.8382352941176471 0.022395833333333334 0.03125
1 0.5223958333333333 0.8791360294117647 0.014583333333333334 0.06709558823529412
1 0.7432291666666667 0.6723345588235294 0.01875 0.06525735294117647
1 0.7575520833333333 0.6897977941176471 0.027604166666666666 0.0744485294117647
1 0.84765625 0.8768382352941176 0.025520833333333333 0.058823529411764705
1 0.8520833333333333 0.8400735294117647 0.029166666666666667 0.04779411764705882
1 0.8567708333333334 0.8189338235294118 0.026041666666666668 0.03308823529411765