1 0.5278645833333333 0.32766544117647056 0.0171875 0.07261029411764706
1 0.5833333333333334 0.5390625 0.021875 0.08547794117647059
1 0.5231770833333333 0.6622242647058824 0.0203125 0.07628676470588236
1 0.48359375 0.6461397058823529 0.019270833333333334 0.0974264705882353
1 0.503125 0.6613051470588235 0.01875 0.0818014705882353
1 0.5104166666666666 0.6387867647058824 0.0125 0.06801470588235294
1 0.45416666666666666 0.453125 0.014583333333333334 0.07352941176470588
1 0.46484375 0.45496323529411764 0.0203125 0.07536764705882353
1 0.47994791666666664 0.4563419117647059 0.0140625 0.07628676470588236
1 0.49140625 0.45496323529411764 0.016145833333333335 0.07169117647058823
1 0.5213541666666667 0.4508272058823529 0.020833333333333332 0.07077205882352941
1 0.475 0.35799632352941174 0.017708333333333333 0.06341911764705882
1 0.45807291666666666 0.3318014705882353 0.019270833333333334 0.03860294117647059
1 0.46640625 0.3524816176470588 0.015104166666666667 0.03400735294117647