1 0.5541666666666667 0.42463235294117646 0.019791666666666666 0.06985294117647059
1 0.5815104166666667 0.5647977941176471 0.0203125 0.07077205882352941
1 0.4674479166666667 0.4609375 0.0171875 0.07628676470588236
1 0.4861979166666667 0.4650735294117647 0.016145833333333335 0.0661764705882353
1 0.5223958333333333 0.34191176470588236 0.0125 0.05330882352941176
1 0.4869791666666667 0.32628676470588236 0.022916666666666665 0.0625
1 0.47213541666666664 0.3469669117647059 0.015104166666666667 0.03400735294117647
1 0.4622395833333333 0.32215073529411764 0.0171875 0.04136029411764706
1 0.5130208333333334 0.6530330882352942 0.013541666666666667 0.03216911764705882
1 0.5171875 0.6948529411764706 0.020833333333333332 0.0661764705882353
1 0.503125 0.7012867647058824 0.016666666666666666 0.06801470588235294
1 0.48723958333333334 0.6852022058823529 0.022395833333333334 0.07996323529411764
1 0.5231770833333333 0.4572610294117647 0.019270833333333334 0.05974264705882353