1 0.65703125 0.6792279411764706 0.030729166666666665 0.12316176470588236
1 0.52578125 0.7651654411764706 0.03177083333333333 0.11121323529411764
1 0.49947916666666664 0.7798713235294118 0.03229166666666667 0.13143382352941177
1 0.3765625 0.9397977941176471 0.030208333333333334 0.11488970588235294
1 0.3494791666666667 0.9319852941176471 0.03958333333333333 0.1213235294117647
1 0.32317708333333334 0.9149816176470589 0.033854166666666664 0.12591911764705882
1 0.4473958333333333 0.5045955882352942 0.03125 0.0974264705882353
1 0.43046875 0.515625 0.0234375 0.11213235294117647
1 0.41484375 0.5073529411764706 0.024479166666666666 0.11397058823529412
1 0.39453125 0.5050551470588235 0.0265625 0.11121323529411764
1 0.5856770833333333 0.3382352941176471 0.0234375 0.09926470588235294
1 0.54140625 0.29503676470588236 0.024479166666666666 0.058823529411764705
1 0.48020833333333335 0.328125 0.025 0.06433823529411764
1 0.4674479166666667 0.29411764705882354 0.024479166666666666 0.04779411764705882