1 0.18177083333333333 0.43244485294117646 0.027083333333333334 0.0744485294117647
1 0.25859375 0.47931985294117646 0.0265625 0.06893382352941177
1 0.14322916666666666 0.4319852941176471 0.021875 0.0661764705882353
1 0.14869791666666668 0.41590073529411764 0.0171875 0.06709558823529412
1 0.36041666666666666 0.3984375 0.022916666666666665 0.07628676470588236
1 0.41484375 0.41681985294117646 0.0067708333333333336 0.021139705882352942
1 0.40729166666666666 0.39568014705882354 0.015625 0.06158088235294118
1 0.41171875 0.4016544117647059 0.0109375 0.05698529411764706
1 0.4234375 0.4420955882352941 0.027083333333333334 0.05514705882352941
1 0.6213541666666667 0.3727022058823529 0.015625 0.03400735294117647
1 0.6104166666666667 0.39659926470588236 0.04479166666666667 0.02297794117647059
1 0.609375 0.43244485294117646 0.015625 0.06525735294117647
1 0.6252604166666667 0.42693014705882354 0.018229166666666668 0.04503676470588235