1 0.6091145833333333 0.2780330882352941 0.03177083333333333 0.08915441176470588
1 0.6559895833333333 0.5891544117647058 0.0265625 0.08455882352941177
1 0.6697916666666667 0.5813419117647058 0.019791666666666666 0.08915441176470588
1 0.5619791666666667 0.7371323529411765 0.026041666666666668 0.0661764705882353
1 0.5486979166666667 0.7536764705882353 0.024479166666666666 0.07536764705882353
1 0.5286458333333334 0.7614889705882353 0.03229166666666667 0.08915441176470588
1 0.5526041666666667 0.20404411764705882 0.025 0.08823529411764706
1 0.5356770833333333 0.21783088235294118 0.0265625 0.09558823529411764
1 0.5114583333333333 0.21001838235294118 0.029166666666666667 0.09834558823529412
1 0.48932291666666666 0.18152573529411764 0.0234375 0.08915441176470588
1 0.47213541666666664 0.17784926470588236 0.028645833333333332 0.0744485294117647
1 0.46875 0.14659926470588236 0.020833333333333332 0.03216911764705882