1 0.30859375 0.3469669117647059 0.0359375 0.06158088235294118
1 0.371875 0.29503676470588236 0.027083333333333334 0.06801470588235294
1 0.38984375 0.28630514705882354 0.028645833333333332 0.06341911764705882
1 0.665625 0.5537683823529411 0.035416666666666666 0.0744485294117647
1 0.6908854166666667 0.6047794117647058 0.0328125 0.06985294117647059
1 0.7283854166666667 0.6318933823529411 0.03177083333333333 0.06525735294117647
1 0.7598958333333333 0.609375 0.040625 0.06066176470588235
1 0.7557291666666667 0.5556066176470589 0.029166666666666667 0.050551470588235295
1 0.74296875 0.5055147058823529 0.024479166666666666 0.0625
1 0.7216145833333333 0.4811580882352941 0.03802083333333333 0.06709558823529412
1 0.684375 0.5009191176470589 0.046875 0.06433823529411764