1 0.53984375 0.5294117647058824 0.015104166666666667 0.04411764705882353
1 0.5276041666666667 0.4540441176470588 0.010416666666666666 0.034926470588235295
1 0.51171875 0.4181985294117647 0.0078125 0.029411764705882353
1 0.4940104166666667 0.41130514705882354 0.008854166666666666 0.03216911764705882
1 0.4864583333333333 0.42141544117647056 0.009375 0.021139705882352942
1 0.48072916666666665 0.41360294117647056 0.010416666666666666 0.022058823529411766
1 0.48411458333333335 0.4797794117647059 0.008854166666666666 0.03676470588235294
1 0.49322916666666666 0.48161764705882354 0.009375 0.034926470588235295
1 0.51171875 0.4774816176470588 0.009895833333333333 0.030330882352941176
1 0.49322916666666666 0.5923713235294118 0.011458333333333333 0.04503676470588235
1 0.5018229166666667 0.5978860294117647 0.0078125 0.03952205882352941
1 0.5083333333333333 0.6006433823529411 0.008333333333333333 0.03952205882352941