1 0.5544270833333333 0.4609375 0.015104166666666667 0.078125
1 0.58046875 0.4499080882352941 0.024479166666666666 0.057904411764705885
1 0.4973958333333333 0.3492647058823529 0.01875 0.04963235294117647
1 0.56328125 0.32674632352941174 0.0171875 0.07261029411764706
1 0.6627604166666666 0.5386029411764706 0.019270833333333334 0.08455882352941177
1 0.5859375 0.6557904411764706 0.019791666666666666 0.09650735294117647
1 0.6088541666666667 0.6590073529411765 0.0125 0.07904411764705882
1 0.6239583333333333 0.6631433823529411 0.013541666666666667 0.07628676470588236
1 0.5174479166666667 0.3704044117647059 0.0171875 0.04963235294117647
1 0.5458333333333333 0.4632352941176471 0.019791666666666666 0.07720588235294118
1 0.53125 0.46277573529411764 0.015625 0.07996323529411764
1 0.5184895833333333 0.45909926470588236 0.016145833333333335 0.06525735294117647