1 0.11510416666666666 0.4889705882352941 0.019791666666666666 0.06801470588235294
1 0.09505208333333333 0.5078125 0.018229166666666668 0.05238970588235294
1 0.15494791666666666 0.5353860294117647 0.021354166666666667 0.050551470588235295
1 0.18177083333333333 0.5459558823529411 0.025 0.05698529411764706
1 0.17473958333333334 0.5886948529411765 0.021354166666666667 0.06341911764705882
1 0.14036458333333332 0.6034007352941176 0.016145833333333335 0.057904411764705885
1 0.13958333333333334 0.6001838235294118 0.013541666666666667 0.027573529411764705
1 0.14114583333333333 0.6112132352941176 0.019791666666666666 0.06433823529411764
1 0.371875 0.44577205882352944 0.014583333333333334 0.04779411764705882
1 0.371875 0.4508272058823529 0.023958333333333335 0.06158088235294118
1 0.5708333333333333 0.515625 0.023958333333333335 0.0625
1 0.5627604166666667 0.5321691176470589 0.049479166666666664 0.04779411764705882
1 0.56171875 0.5698529411764706 0.016145833333333335 0.058823529411764705