1 0.43828125 0.6254595588235294 0.022395833333333334 0.0744485294117647
1 0.56171875 0.5413602941176471 0.019270833333333334 0.04963235294117647
1 0.6989583333333333 0.4696691176470588 0.019791666666666666 0.07169117647058823
1 0.71796875 0.4811580882352941 0.019270833333333334 0.06525735294117647
1 0.5416666666666666 0.5013786764705882 0.016666666666666666 0.07261029411764706
1 0.5270833333333333 0.5133272058823529 0.016666666666666666 0.0818014705882353
1 0.2947916666666667 0.5726102941176471 0.0125 0.03676470588235294
1 0.290625 0.6052389705882353 0.014583333333333334 0.04871323529411765
1 0.29270833333333335 0.6148897058823529 0.015625 0.06066176470588235
1 0.3294270833333333 0.5946691176470589 0.021354166666666667 0.06985294117647059
1 0.3533854166666667 0.5928308823529411 0.0234375 0.08088235294117647