1 0.346875 0.3791360294117647 0.027083333333333334 0.09283088235294118
1 0.30104166666666665 0.4646139705882353 0.021875 0.057904411764705885
1 0.3294270833333333 0.4719669117647059 0.043229166666666666 0.05238970588235294
1 0.4153645833333333 0.32628676470588236 0.0265625 0.09926470588235294
1 0.5971354166666667 0.44025735294117646 0.021354166666666667 0.09191176470588236
1 0.5986979166666667 0.4021139705882353 0.0171875 0.035845588235294115
1 0.8013020833333333 0.32169117647058826 0.018229166666666668 0.08272058823529412
1 0.8216145833333334 0.32306985294117646 0.0234375 0.08731617647058823
1 0.9393229166666667 0.4227941176470588 0.021354166666666667 0.07720588235294118
1 0.94375 0.39568014705882354 0.013541666666666667 0.03768382352941176
1 0.9395833333333333 0.37224264705882354 0.017708333333333333 0.04044117647058824
1 0.6880208333333333 0.23943014705882354 0.029166666666666667 0.08731617647058823