1 0.5309895833333333 0.5896139705882353 0.021354166666666667 0.07261029411764706
1 0.44244791666666666 0.6144301470588235 0.025520833333333333 0.06158088235294118
1 0.3848958333333333 0.6948529411764706 0.027083333333333334 0.042279411764705885
1 0.4044270833333333 0.7118566176470589 0.03802083333333333 0.05974264705882353
1 0.6421875 0.8313419117647058 0.029166666666666667 0.07077205882352941
1 0.61953125 0.8570772058823529 0.028645833333333332 0.043198529411764705
1 0.6450520833333333 0.8359375 0.016145833333333335 0.050551470588235295
1 0.6166666666666667 0.8947610294117647 0.016666666666666666 0.030330882352941176
1 0.5989583333333334 0.9278492647058824 0.030208333333333334 0.057904411764705885
1 0.8736979166666666 0.9181985294117647 0.0203125 0.0625
1 0.8838541666666667 0.9466911764705882 0.029166666666666667 0.0625