1 0.6723958333333333 0.6433823529411765 0.03958333333333333 0.15808823529411764
1 0.47708333333333336 0.8676470588235294 0.034375 0.18933823529411764
1 0.5078125 0.22150735294117646 0.036458333333333336 0.13602941176470587
1 0.4518229166666667 0.46599264705882354 0.0421875 0.15441176470588236
1 0.46640625 0.4641544117647059 0.028645833333333332 0.13786764705882354
1 0.5104166666666666 0.4650735294117647 0.029166666666666667 0.14522058823529413
1 0.54609375 0.45496323529411764 0.043229166666666666 0.10845588235294118
1 0.5497395833333333 0.21783088235294118 0.0296875 0.14338235294117646
1 0.5489583333333333 0.20128676470588236 0.027083333333333334 0.13602941176470587
1 0.43359375 0.2601102941176471 0.0265625 0.10110294117647059
1 0.43020833333333336 0.22977941176470587 0.03958333333333333 0.10845588235294118
1 0.53125 0.8768382352941176 0.036458333333333336 0.15625
1 0.5268229166666667 0.8759191176470589 0.03177083333333333 0.15073529411764705