1 0.4359375 0.3515625 0.016666666666666666 0.04136029411764706
1 0.44453125 0.3635110294117647 0.015104166666666667 0.03400735294117647
1 0.4942708333333333 0.3556985294117647 0.013541666666666667 0.051470588235294115
1 0.49973958333333335 0.35294117647058826 0.011979166666666667 0.051470588235294115
1 0.46067708333333335 0.43704044117647056 0.021354166666666667 0.06893382352941177
1 0.4510416666666667 0.4866727941176471 0.019791666666666666 0.06893382352941177
1 0.4393229166666667 0.4802389705882353 0.015104166666666667 0.06893382352941177
1 0.49140625 0.48161764705882354 0.019270833333333334 0.05514705882352941
1 0.5036458333333333 0.5588235294117647 0.020833333333333332 0.07536764705882353
1 0.5463541666666667 0.5891544117647058 0.020833333333333332 0.07720588235294118
1 0.48151041666666666 0.7205882352941176 0.018229166666666668 0.06985294117647059
1 0.46536458333333336 0.7274816176470589 0.0171875 0.0744485294117647
1 0.44973958333333336 0.7141544117647058 0.0234375 0.08272058823529412
1 0.47552083333333334 0.6829044117647058 0.017708333333333333 0.03676470588235294