1 0.39375 0.8184742647058824 0.022916666666666665 0.06158088235294118
1 0.42239583333333336 0.8497242647058824 0.028125 0.05606617647058824
1 0.43255208333333334 0.8492647058823529 0.021354166666666667 0.051470588235294115
1 0.5333333333333333 0.6760110294117647 0.022916666666666665 0.05974264705882353
1 0.55390625 0.6645220588235294 0.022395833333333334 0.0625
1 0.42630208333333336 0.23759191176470587 0.0234375 0.06525735294117647
1 0.44140625 0.24862132352941177 0.022395833333333334 0.0744485294117647
1 0.4546875 0.2614889705882353 0.021875 0.07261029411764706
1 0.48046875 0.11075367647058823 0.027604166666666666 0.07077205882352941
1 0.56171875 0.03676470588235294 0.030729166666666665 0.07352941176470588
1 0.5828125 0.059283088235294115 0.01875 0.06893382352941177