1 0.4239583333333333 0.07858455882352941 0.03229166666666667 0.08547794117647059
1 0.4440104166666667 0.09375 0.03177083333333333 0.07352941176470588
1 0.4671875 0.1567095588235294 0.036458333333333336 0.12959558823529413
1 0.5497395833333333 0.08501838235294118 0.0328125 0.12408088235294118
1 0.5856770833333333 0.08777573529411764 0.033854166666666664 0.12408088235294118
1 0.5471354166666667 0.3391544117647059 0.0484375 0.12316176470588236
1 0.6619791666666667 0.5422794117647058 0.052083333333333336 0.1488970588235294
1 0.4356770833333333 0.3396139705882353 0.03177083333333333 0.1332720588235294
1 0.47161458333333334 0.34375 0.0421875 0.14705882352941177
1 0.47265625 0.7844669117647058 0.030729166666666665 0.16084558823529413
1 0.51328125 0.8111213235294118 0.0328125 0.14613970588235295
1 0.52890625 0.7996323529411765 0.034895833333333334 0.14522058823529413
1 0.53046875 0.7238051470588235 0.03177083333333333 0.07261029411764706