1 0.5255208333333333 0.2936580882352941 0.014583333333333334 0.07261029411764706
1 0.4786458333333333 0.33547794117647056 0.01875 0.04411764705882353
1 0.459375 0.3161764705882353 0.019791666666666666 0.04411764705882353
1 0.4765625 0.4250919117647059 0.015625 0.06158088235294118
1 0.5002604166666667 0.42693014705882354 0.0109375 0.07261029411764706
1 0.5122395833333333 0.4260110294117647 0.009895833333333333 0.07077205882352941
1 0.5119791666666667 0.4273897058823529 0.013541666666666667 0.07720588235294118
1 0.5432291666666667 0.41681985294117646 0.021875 0.06525735294117647
1 0.6190104166666667 0.5036764705882353 0.021354166666666667 0.08272058823529412
1 0.53671875 0.6199448529411765 0.019270833333333334 0.08547794117647059
1 0.5583333333333333 0.625 0.017708333333333333 0.07720588235294118
1 0.5770833333333333 0.6309742647058824 0.013541666666666667 0.07628676470588236
1 0.5625 0.5946691176470589 0.0125 0.03860294117647059