1 0.5286458333333334 0.30514705882352944 0.019791666666666666 0.07536764705882353
1 0.5213541666666667 0.4306066176470588 0.023958333333333335 0.06341911764705882
1 0.5841145833333333 0.5142463235294118 0.022395833333333334 0.07996323529411764
1 0.46145833333333336 0.31985294117647056 0.016666666666666666 0.05514705882352941
1 0.465625 0.3258272058823529 0.014583333333333334 0.050551470588235295
1 0.47421875 0.33731617647058826 0.016145833333333335 0.058823529411764705
1 0.459375 0.42693014705882354 0.017708333333333333 0.05974264705882353
1 0.46588541666666666 0.43014705882352944 0.0140625 0.07720588235294118
1 0.48072916666666665 0.4319852941176471 0.015625 0.07536764705882353
1 0.49140625 0.43566176470588236 0.018229166666666668 0.08272058823529412
1 0.48489583333333336 0.6236213235294118 0.017708333333333333 0.08363970588235294
1 0.5044270833333333 0.6364889705882353 0.0171875 0.07077205882352941
1 0.5114583333333333 0.6112132352941176 0.013541666666666667 0.07536764705882353
1 0.5223958333333333 0.6360294117647058 0.022916666666666665 0.07904411764705882