1 0.1125 0.4880514705882353 0.01875 0.06433823529411764
1 0.09505208333333333 0.5059742647058824 0.018229166666666668 0.05238970588235294
1 0.15338541666666666 0.5358455882352942 0.0203125 0.04779411764705882
1 0.178125 0.5500919117647058 0.026041666666666668 0.05974264705882353
1 0.17265625 0.5762867647058824 0.0203125 0.06066176470588235
1 0.14140625 0.6061580882352942 0.016145833333333335 0.057904411764705885
1 0.13880208333333333 0.6079963235294118 0.016145833333333335 0.03400735294117647
1 0.140625 0.6121323529411765 0.020833333333333332 0.06801470588235294
1 0.37083333333333335 0.4485294117647059 0.014583333333333334 0.04779411764705882
1 0.3697916666666667 0.4563419117647059 0.023958333333333335 0.06158088235294118
1 0.56875 0.5147058823529411 0.023958333333333335 0.0625
1 0.56171875 0.5340073529411765 0.049479166666666664 0.04779411764705882
1 0.5596354166666667 0.5735294117647058 0.016145833333333335 0.058823529411764705