1 0.26197916666666665 0.5418198529411765 0.01875 0.04503676470588235
1 0.22760416666666666 0.5818014705882353 0.015625 0.04595588235294118
1 0.24427083333333333 0.5675551470588235 0.0125 0.04136029411764706
1 0.22708333333333333 0.5082720588235294 0.017708333333333333 0.04779411764705882
1 0.21484375 0.5215992647058824 0.015104166666666667 0.03952205882352941
1 0.21015625 0.515625 0.015104166666666667 0.042279411764705885
1 0.4080729166666667 0.4797794117647059 0.009895833333333333 0.04779411764705882
1 0.41041666666666665 0.46920955882352944 0.008333333333333333 0.03952205882352941
1 0.396875 0.609375 0.014583333333333334 0.05330882352941176
1 0.5440104166666667 0.5698529411764706 0.013020833333333334 0.042279411764705885
1 0.5505208333333333 0.5160845588235294 0.014583333333333334 0.03400735294117647
1 0.54296875 0.5353860294117647 0.0328125 0.03400735294117647
1 0.23671875 0.12867647058823528 0.013020833333333334 0.03676470588235294
1 0.09895833333333333 0.17830882352941177 0.0125 0.03676470588235294
1 0.08619791666666667 0.17417279411764705 0.015104166666666667 0.03400735294117647
1 0.090625 0.13419117647058823 0.008333333333333333 0.02022058823529412
1 0.1078125 0.12959558823529413 0.014583333333333334 0.02389705882352941
1 0.0796875 0.13740808823529413 0.0125 0.02665441176470588