1 0.42421875 0.14981617647058823 0.033854166666666664 0.0900735294117647
1 0.4440104166666667 0.16727941176470587 0.03177083333333333 0.07352941176470588
1 0.4669270833333333 0.20036764705882354 0.034895833333333334 0.12316176470588236
1 0.5494791666666666 0.1557904411764706 0.03125 0.11856617647058823
1 0.5885416666666666 0.17049632352941177 0.0375 0.12408088235294118
1 0.5450520833333333 0.40900735294117646 0.0484375 0.12316176470588236
1 0.6614583333333334 0.6112132352941176 0.052083333333333336 0.1488970588235294
1 0.43645833333333334 0.40808823529411764 0.03333333333333333 0.13970588235294118
1 0.47213541666666664 0.41452205882352944 0.04010416666666667 0.13970588235294118
1 0.47369791666666666 0.8570772058823529 0.030729166666666665 0.16084558823529413
1 0.5216145833333333 0.8745404411764706 0.0328125 0.14613970588235295
1 0.5028645833333333 0.8878676470588235 0.034895833333333334 0.14522058823529413
1 0.5299479166666666 0.7982536764705882 0.03177083333333333 0.07261029411764706