1 0.2609375 0.5409007352941176 0.017708333333333333 0.043198529411764705
1 0.22604166666666667 0.5799632352941176 0.015625 0.04595588235294118
1 0.24296875 0.5666360294117647 0.011979166666666667 0.03952205882352941
1 0.22447916666666667 0.5068933823529411 0.01875 0.050551470588235295
1 0.21197916666666666 0.5206801470588235 0.015625 0.04136029411764706
1 0.20911458333333333 0.5147058823529411 0.015104166666666667 0.042279411764705885
1 0.40703125 0.47702205882352944 0.009895833333333333 0.04779411764705882
1 0.40859375 0.4710477941176471 0.008854166666666666 0.04136029411764706
1 0.41119791666666666 0.6052389705882353 0.015104166666666667 0.05606617647058824
1 0.5434895833333333 0.5689338235294118 0.013020833333333334 0.042279411764705885
1 0.5494791666666666 0.5179227941176471 0.014583333333333334 0.03400735294117647
1 0.54296875 0.5326286764705882 0.0328125 0.03400735294117647
1 0.23515625 0.12959558823529413 0.013020833333333334 0.03676470588235294
1 0.09739583333333333 0.17738970588235295 0.011458333333333333 0.03308823529411765
1 0.08463541666666667 0.1723345588235294 0.015104166666666667 0.03400735294117647
1 0.08880208333333334 0.13373161764705882 0.008854166666666666 0.021139705882352942
1 0.10729166666666666 0.12408088235294118 0.014583333333333334 0.02389705882352941
1 0.07838541666666667 0.13602941176470587 0.013020833333333334 0.027573529411764705