1 0.7630208333333334 0.6410845588235294 0.022916666666666665 0.0744485294117647
1 0.87109375 0.7454044117647058 0.0171875 0.07904411764705882
1 0.8895833333333333 0.7518382352941176 0.019791666666666666 0.07904411764705882
1 0.9919270833333333 0.8759191176470589 0.016145833333333335 0.07352941176470588
1 0.9908854166666666 0.8299632352941176 0.018229166666666668 0.034926470588235295
1 0.6828125 0.8699448529411765 0.014583333333333334 0.0744485294117647
1 0.6859375 0.8272058823529411 0.01875 0.051470588235294115
1 0.5229166666666667 0.7081801470588235 0.022916666666666665 0.08731617647058823
1 0.46588541666666666 0.7568933823529411 0.0203125 0.06341911764705882
1 0.4236979166666667 0.8506433823529411 0.021354166666666667 0.06341911764705882
1 0.45026041666666666 0.8579963235294118 0.0390625 0.04503676470588235