1 0.1359375 0.2495404411764706 0.03958333333333333 0.09099264705882353
1 0.18958333333333333 0.2339154411764706 0.078125 0.0818014705882353
1 0.21901041666666668 0.12913602941176472 0.044270833333333336 0.09099264705882353
1 0.47109375 0.43474264705882354 0.033854166666666664 0.07352941176470588
1 0.5221354166666666 0.34420955882352944 0.021354166666666667 0.05422794117647059
1 0.534375 0.32766544117647056 0.026041666666666668 0.03768382352941176
1 0.8473958333333333 0.42003676470588236 0.034375 0.08272058823529412
1 0.8848958333333333 0.45266544117647056 0.040625 0.07261029411764706
1 0.8544270833333333 0.3524816176470588 0.03802083333333333 0.050551470588235295
1 0.8877604166666667 0.31893382352941174 0.0390625 0.06066176470588235
1 0.9182291666666667 0.328125 0.035416666666666666 0.05698529411764706
1 0.9372395833333333 0.3681066176470588 0.0328125 0.05606617647058824
1 0.9505208333333334 0.39981617647058826 0.029166666666666667 0.04411764705882353
1 0.9307291666666667 0.44806985294117646 0.03958333333333333 0.05974264705882353