1 0.70546875 0.3547794117647059 0.04739583333333333 0.15808823529411764
1 0.6705729166666666 0.31295955882352944 0.0484375 0.13694852941176472
1 0.63125 0.34237132352941174 0.041666666666666664 0.11856617647058823
1 0.5997395833333333 0.4227941176470588 0.04114583333333333 0.11948529411764706
1 0.57421875 0.4710477941176471 0.04114583333333333 0.1332720588235294
1 0.5473958333333333 0.5381433823529411 0.04375 0.14246323529411764
1 0.46822916666666664 0.6378676470588235 0.05625 0.14705882352941177
1 0.4119791666666667 0.7274816176470589 0.06145833333333333 0.16268382352941177
1 0.35078125 0.8166360294117647 0.05677083333333333 0.15349264705882354
1 0.41953125 0.9673713235294118 0.04739583333333333 0.06525735294117647
1 0.3026041666666667 0.9195772058823529 0.04583333333333333 0.10386029411764706