1 0.6317708333333333 0.6847426470588235 0.027083333333333334 0.10294117647058823
1 0.39036458333333335 0.6530330882352942 0.033854166666666664 0.09099264705882353
1 0.340625 0.5965073529411765 0.03125 0.08639705882352941
1 0.3841145833333333 0.5974264705882353 0.0296875 0.08455882352941177
1 0.43776041666666665 0.5969669117647058 0.030729166666666665 0.12040441176470588
1 0.4895833333333333 0.5919117647058824 0.03333333333333333 0.12867647058823528
1 0.5453125 0.5790441176470589 0.027083333333333334 0.11948529411764706
1 0.6125 0.6006433823529411 0.034375 0.12408088235294118
1 0.65390625 0.5909926470588235 0.0328125 0.11029411764705882
1 0.6989583333333333 0.5946691176470589 0.021875 0.09191176470588236
1 0.7395833333333334 0.5574448529411765 0.020833333333333332 0.10386029411764706