1 0.28125 0.7150735294117647 0.03229166666666667 0.11397058823529412
1 0.33151041666666664 0.6966911764705882 0.025520833333333333 0.10845588235294118
1 0.3841145833333333 0.6686580882352942 0.0265625 0.1056985294117647
1 0.42864583333333334 0.6318933823529411 0.029166666666666667 0.11672794117647059
1 0.478125 0.6181066176470589 0.020833333333333332 0.1130514705882353
1 0.5466145833333333 0.5753676470588235 0.025520833333333333 0.10661764705882353
1 0.5848958333333333 0.5477941176470589 0.023958333333333335 0.11764705882352941
1 0.6208333333333333 0.5165441176470589 0.021875 0.0974264705882353
1 0.6565104166666667 0.47931985294117646 0.018229166666666668 0.09099264705882353
1 0.44869791666666664 0.7490808823529411 0.0328125 0.0900735294117647
1 0.6565104166666667 0.5854779411764706 0.025520833333333333 0.08455882352941177