1 0.8375 0.3938419117647059 0.03125 0.13694852941176472
1 0.7875 0.3327205882352941 0.041666666666666664 0.12316176470588236
1 0.7546875 0.35983455882352944 0.03125 0.12959558823529413
1 0.7145833333333333 0.4342830882352941 0.042708333333333334 0.11672794117647059
1 0.6830729166666667 0.4912683823529412 0.04114583333333333 0.12224264705882353
1 0.6510416666666666 0.5441176470588235 0.041666666666666664 0.13051470588235295
1 0.5716145833333334 0.6309742647058824 0.04635416666666667 0.140625
1 0.5119791666666667 0.7228860294117647 0.04375 0.15533088235294118
1 0.44973958333333336 0.8019301470588235 0.05364583333333333 0.15900735294117646
1 0.3966145833333333 0.9007352941176471 0.04635416666666667 0.15441176470588236
1 0.5080729166666667 0.9480698529411765 0.0515625 0.10202205882352941