1 0.34375 0.7022058823529411 0.026041666666666668 0.0974264705882353
1 0.3919270833333333 0.6911764705882353 0.025520833333333333 0.09558823529411764
1 0.4471354166666667 0.6631433823529411 0.028645833333333332 0.10386029411764706
1 0.4903645833333333 0.6341911764705882 0.025520833333333333 0.11213235294117647
1 0.51015625 0.7284007352941176 0.030729166666666665 0.09283088235294118
1 0.54375 0.609375 0.022916666666666665 0.12316176470588236
1 0.61171875 0.5900735294117647 0.0234375 0.10110294117647059
1 0.6484375 0.5726102941176471 0.029166666666666667 0.08272058823529412
1 0.7015625 0.6213235294117647 0.020833333333333332 0.08455882352941177
1 0.6888020833333334 0.5427389705882353 0.019270833333333334 0.09283088235294118
1 0.7268229166666667 0.5133272058823529 0.028645833333333332 0.09099264705882353