1 0.12135416666666667 0.7941176470588235 0.04895833333333333 0.18198529411764705
1 0.20442708333333334 0.7417279411764706 0.044270833333333336 0.16727941176470587
1 0.28802083333333334 0.6829044117647058 0.041666666666666664 0.1875
1 0.3697916666666667 0.6190257352941176 0.03854166666666667 0.09834558823529412
1 0.4471354166666667 0.5712316176470589 0.0359375 0.16636029411764705
1 0.56015625 0.5119485294117647 0.027604166666666666 0.16727941176470587
1 0.61015625 0.46691176470588236 0.03177083333333333 0.15073529411764705
1 0.6643229166666667 0.42830882352941174 0.0296875 0.14338235294117646
1 0.7190104166666667 0.36856617647058826 0.0359375 0.13051470588235295
1 0.359375 0.6819852941176471 0.040625 0.14522058823529413
1 0.7494791666666667 0.4071691176470588 0.04479166666666667 0.13602941176470587