1 0.26848958333333334 0.7086397058823529 0.030729166666666665 0.10845588235294118
1 0.31796875 0.6920955882352942 0.025520833333333333 0.10845588235294118
1 0.37083333333333335 0.6649816176470589 0.028125 0.11121323529411764
1 0.4161458333333333 0.6300551470588235 0.029166666666666667 0.11672794117647059
1 0.4671875 0.6061580882352942 0.020833333333333332 0.1130514705882353
1 0.5356770833333333 0.5670955882352942 0.025520833333333333 0.10661764705882353
1 0.5703125 0.5413602941176471 0.021875 0.10661764705882353
1 0.6088541666666667 0.5128676470588235 0.021875 0.0974264705882353
1 0.64609375 0.47150735294117646 0.019270833333333334 0.09558823529411764
1 0.43359375 0.7444852941176471 0.0328125 0.0900735294117647
1 0.6486979166666667 0.5790441176470589 0.0296875 0.0974264705882353