1 0.43333333333333335 0.3023897058823529 0.021875 0.05514705882352941
1 0.45859375 0.31387867647058826 0.0265625 0.07077205882352941
1 0.425 0.2182904411764706 0.023958333333333335 0.06341911764705882
1 0.45859375 0.23115808823529413 0.0296875 0.06893382352941177
1 0.4986979166666667 0.23345588235294118 0.021354166666666667 0.07169117647058823
1 0.5348958333333333 0.23805147058823528 0.01875 0.06801470588235294
1 0.5815104166666667 0.2417279411764706 0.0171875 0.0661764705882353
1 0.6299479166666667 0.26608455882352944 0.021354166666666667 0.06158088235294118
1 0.66328125 0.2725183823529412 0.024479166666666666 0.06893382352941177
1 0.6981770833333333 0.2702205882352941 0.022395833333333334 0.0661764705882353
1 0.7315104166666667 0.2568933823529412 0.019270833333333334 0.06525735294117647