1 0.14192708333333334 0.8791360294117647 0.05572916666666667 0.14981617647058823
1 0.21640625 0.8405330882352942 0.06302083333333333 0.18290441176470587
1 0.2989583333333333 0.7886029411764706 0.065625 0.18382352941176472
1 0.37135416666666665 0.7320772058823529 0.052083333333333336 0.16819852941176472
1 0.4440104166666667 0.6819852941176471 0.0453125 0.15257352941176472
1 0.5526041666666667 0.6369485294117647 0.05 0.15625
1 0.5942708333333333 0.5886948529411765 0.05520833333333333 0.15716911764705882
1 0.6440104166666667 0.5441176470588235 0.04739583333333333 0.13786764705882354
1 0.7091145833333333 0.5124080882352942 0.04010416666666667 0.13511029411764705
1 0.3138020833333333 0.8639705882352942 0.04635416666666667 0.14522058823529413
1 0.7440104166666667 0.453125 0.0421875 0.125
1 0.6283854166666667 0.6456801470588235 0.04114583333333333 0.14246323529411764