1 0.4473958333333333 0.4967830882352941 0.020833333333333332 0.07077205882352941
1 0.46953125 0.5091911764705882 0.0234375 0.0661764705882353
1 0.4388020833333333 0.4149816176470588 0.019270833333333334 0.06158088235294118
1 0.46979166666666666 0.41911764705882354 0.023958333333333335 0.06066176470588235
1 0.5083333333333333 0.4264705882352941 0.020833333333333332 0.06985294117647059
1 0.54453125 0.4227941176470588 0.0203125 0.0661764705882353
1 0.5861979166666667 0.4329044117647059 0.018229166666666668 0.07169117647058823
1 0.6393229166666666 0.4494485294117647 0.027604166666666666 0.05698529411764706
1 0.6697916666666667 0.45174632352941174 0.025 0.07261029411764706
1 0.7059895833333333 0.46047794117647056 0.0234375 0.0661764705882353
1 0.7375 0.44577205882352944 0.021875 0.0900735294117647