1 0.1671875 0.8561580882352942 0.053125 0.14246323529411764
1 0.24088541666666666 0.8056066176470589 0.06302083333333333 0.18290441176470587
1 0.31354166666666666 0.71875 0.065625 0.18382352941176472
1 0.38359375 0.6801470588235294 0.04739583333333333 0.15257352941176472
1 0.46067708333333335 0.6112132352941176 0.0453125 0.15257352941176472
1 0.5643229166666667 0.5487132352941176 0.04739583333333333 0.1488970588235294
1 0.6036458333333333 0.5059742647058824 0.05520833333333333 0.15716911764705882
1 0.6481770833333333 0.45588235294117646 0.04739583333333333 0.13786764705882354
1 0.7078125 0.40027573529411764 0.034375 0.12040441176470588
1 0.3421875 0.90625 0.04895833333333333 0.1488970588235294
1 0.7450520833333333 0.3713235294117647 0.0296875 0.11213235294117647