1 0.4244791666666667 0.5022977941176471 0.022916666666666665 0.08915441176470588
1 0.44765625 0.5078125 0.025520833333333333 0.09650735294117647
1 0.4088541666666667 0.4099264705882353 0.021875 0.07904411764705882
1 0.45703125 0.41360294117647056 0.030729166666666665 0.09191176470588236
1 0.5104166666666666 0.4177389705882353 0.022916666666666665 0.08547794117647059
1 0.5625 0.42693014705882354 0.021875 0.10386029411764706
1 0.6265625 0.4338235294117647 0.030208333333333334 0.10294117647058823
1 0.6986979166666667 0.4609375 0.0328125 0.09099264705882353
1 0.7408854166666666 0.45496323529411764 0.0296875 0.09558823529411764
1 0.7861979166666667 0.46369485294117646 0.0234375 0.0818014705882353
1 0.80546875 0.46691176470588236 0.033854166666666664 0.0900735294117647
1 0.8518229166666667 0.47610294117647056 0.0234375 0.09375