1 0.8299479166666667 0.6801470588235294 0.0234375 0.0900735294117647
1 0.446875 0.6994485294117647 0.026041666666666668 0.08823529411764706
1 0.39348958333333334 0.7918198529411765 0.028645833333333332 0.09466911764705882
1 0.30052083333333335 0.7964154411764706 0.030208333333333334 0.109375
1 0.33203125 0.7279411764705882 0.030729166666666665 0.11580882352941177
1 0.36015625 0.6636029411764706 0.0203125 0.09926470588235294
1 0.40078125 0.5753676470588235 0.024479166666666666 0.10661764705882353
1 0.42161458333333335 0.5418198529411765 0.0234375 0.09650735294117647
1 0.4388020833333333 0.4655330882352941 0.019270833333333334 0.10386029411764706
1 0.4583333333333333 0.43106617647058826 0.021875 0.10477941176470588
1 0.4830729166666667 0.4774816176470588 0.022395833333333334 0.07996323529411764