1 0.20234375 0.6957720588235294 0.05364583333333333 0.23345588235294118
1 0.29401041666666666 0.7173713235294118 0.049479166666666664 0.19209558823529413
1 0.38671875 0.6930147058823529 0.04114583333333333 0.20772058823529413
1 0.3932291666666667 0.7637867647058824 0.059375 0.16727941176470587
1 0.4765625 0.6571691176470589 0.040625 0.17830882352941177
1 0.56796875 0.6332720588235294 0.04739583333333333 0.20588235294117646
1 0.7052083333333333 0.6332720588235294 0.052083333333333336 0.1948529411764706
1 0.7705729166666667 0.6282169117647058 0.05260416666666667 0.18290441176470587
1 0.8385416666666666 0.5767463235294118 0.052083333333333336 0.171875
1 0.9184895833333333 0.5698529411764706 0.043229166666666666 0.13970588235294118
1 0.9479166666666666 0.5064338235294118 0.035416666666666666 0.10845588235294118
1 0.29921875 0.8556985294117647 0.07135416666666666 0.17095588235294118