1 0.425 0.31847426470588236 0.019791666666666666 0.07077205882352941
1 0.46041666666666664 0.4227941176470588 0.030208333333333334 0.07536764705882353
1 0.5109375 0.33777573529411764 0.023958333333333335 0.07077205882352941
1 0.55546875 0.33547794117647056 0.022395833333333334 0.07720588235294118
1 0.6075520833333333 0.34650735294117646 0.022395833333333334 0.07169117647058823
1 0.66640625 0.3759191176470588 0.0203125 0.08639705882352941
1 0.7049479166666667 0.37362132352941174 0.0234375 0.07077205882352941
1 0.7471354166666667 0.38235294117647056 0.028645833333333332 0.07720588235294118
1 0.7903645833333334 0.42141544117647056 0.018229166666666668 0.0744485294117647
1 0.440625 0.40900735294117646 0.019791666666666666 0.06801470588235294
1 0.46484375 0.3290441176470588 0.0234375 0.06433823529411764