1 0.26927083333333335 0.7104779411764706 0.03229166666666667 0.11397058823529412
1 0.31796875 0.6957720588235294 0.025520833333333333 0.10845588235294118
1 0.371875 0.6649816176470589 0.028125 0.11121323529411764
1 0.4166666666666667 0.6291360294117647 0.029166666666666667 0.11672794117647059
1 0.46770833333333334 0.6061580882352942 0.020833333333333332 0.1130514705882353
1 0.5361979166666667 0.5707720588235294 0.025520833333333333 0.10661764705882353
1 0.5723958333333333 0.5431985294117647 0.021875 0.10661764705882353
1 0.6088541666666667 0.5101102941176471 0.021875 0.0974264705882353
1 0.6471354166666666 0.4742647058823529 0.019270833333333334 0.09558823529411764
1 0.43463541666666666 0.7472426470588235 0.0328125 0.0900735294117647
1 0.6434895833333333 0.5891544117647058 0.0296875 0.0974264705882353