1 0.43671875 0.8506433823529411 0.0234375 0.09650735294117647
1 0.5138020833333333 0.6488970588235294 0.022395833333333334 0.08272058823529412
1 0.3971354166666667 0.6829044117647058 0.0296875 0.1213235294117647
1 0.3653645833333333 0.7440257352941176 0.022395833333333334 0.07996323529411764
1 0.41796875 0.6190257352941176 0.022395833333333334 0.10018382352941177
1 0.4549479166666667 0.5395220588235294 0.022395833333333334 0.10110294117647059
1 0.47317708333333336 0.48621323529411764 0.0203125 0.10110294117647059
1 0.484375 0.41590073529411764 0.020833333333333332 0.10386029411764706
1 0.5046875 0.38005514705882354 0.022916666666666665 0.0818014705882353
1 0.5213541666666667 0.42784926470588236 0.021875 0.08363970588235294
1 0.8932291666666666 0.5946691176470589 0.028125 0.09191176470588236