1 0.28489583333333335 0.8129595588235294 0.027083333333333334 0.078125
1 0.32265625 0.7431066176470589 0.025520833333333333 0.11672794117647059
1 0.35885416666666664 0.6787683823529411 0.026041666666666668 0.12040441176470588
1 0.3921875 0.6190257352941176 0.022916666666666665 0.10386029411764706
1 0.4395833333333333 0.546875 0.020833333333333332 0.10294117647058823
1 0.46536458333333336 0.5018382352941176 0.019270833333333334 0.10477941176470588
1 0.4869791666666667 0.45496323529411764 0.016666666666666666 0.09375
1 0.5072916666666667 0.4103860294117647 0.019791666666666666 0.09650735294117647
1 0.5307291666666667 0.38419117647058826 0.016666666666666666 0.0900735294117647
1 0.5341145833333333 0.4664522058823529 0.0265625 0.08731617647058823
1 0.5268229166666667 0.5767463235294118 0.030729166666666665 0.09466911764705882
1 0.8640625 0.7238051470588235 0.029166666666666667 0.10386029411764706