1 0.37942708333333336 0.5703125 0.024479166666666666 0.08915441176470588
1 0.42473958333333334 0.5730698529411765 0.034895833333333334 0.07628676470588236
1 0.4244791666666667 0.6433823529411765 0.027083333333333334 0.08823529411764706
1 0.47708333333333336 0.5845588235294118 0.028125 0.10110294117647059
1 0.5296875 0.5863970588235294 0.03229166666666667 0.0974264705882353
1 0.5861979166666667 0.5900735294117647 0.024479166666666666 0.10477941176470588
1 0.6596354166666667 0.6061580882352942 0.024479166666666666 0.09099264705882353
1 0.6986979166666667 0.6056985294117647 0.030729166666666665 0.10477941176470588
1 0.7622395833333333 0.6966911764705882 0.030729166666666665 0.08455882352941177
1 0.746875 0.6001838235294118 0.03125 0.09558823529411764
1 0.7986979166666667 0.5992647058823529 0.027604166666666666 0.10845588235294118
1 0.8231770833333333 0.6764705882352942 0.025520833333333333 0.08639705882352941