1 0.2518229166666667 0.8014705882352942 0.0484375 0.2113970588235294
1 0.34010416666666665 0.7798713235294118 0.052083333333333336 0.20128676470588236
1 0.42994791666666665 0.7472426470588235 0.04114583333333333 0.20772058823529413
1 0.5278645833333333 0.7826286764705882 0.05677083333333333 0.15900735294117646
1 0.5197916666666667 0.671875 0.042708333333333334 0.14705882352941177
1 0.6080729166666666 0.6636029411764706 0.04739583333333333 0.20588235294117646
1 0.7361979166666667 0.6277573529411765 0.049479166666666664 0.18566176470588236
1 0.7979166666666667 0.6222426470588235 0.05 0.17463235294117646
1 0.8528645833333334 0.5634191176470589 0.0546875 0.1801470588235294
1 0.9276041666666667 0.5395220588235294 0.03333333333333333 0.15441176470588236
1 0.9575520833333333 0.5321691176470589 0.0390625 0.11948529411764706