1 0.3859375 0.30193014705882354 0.022916666666666665 0.057904411764705885
1 0.4080729166666667 0.31387867647058826 0.0265625 0.07077205882352941
1 0.37395833333333334 0.2192095588235294 0.022916666666666665 0.06341911764705882
1 0.4083333333333333 0.22472426470588236 0.023958333333333335 0.06341911764705882
1 0.44973958333333336 0.22748161764705882 0.0296875 0.06893382352941177
1 0.48828125 0.22518382352941177 0.021354166666666667 0.07169117647058823
1 0.5286458333333334 0.23988970588235295 0.019791666666666666 0.07169117647058823
1 0.5822916666666667 0.2587316176470588 0.01875 0.07261029411764706
1 0.61484375 0.26424632352941174 0.021354166666666667 0.06158088235294118
1 0.6502604166666667 0.27159926470588236 0.0234375 0.06525735294117647
1 0.68203125 0.25827205882352944 0.022395833333333334 0.0661764705882353