1 0.29739583333333336 0.7104779411764706 0.046875 0.1488970588235294
1 0.26015625 0.7215073529411765 0.0328125 0.13051470588235295
1 0.30520833333333336 0.6305147058823529 0.035416666666666666 0.10661764705882353
1 0.37265625 0.6213235294117647 0.033854166666666664 0.1213235294117647
1 0.43854166666666666 0.6167279411764706 0.030208333333333334 0.125
1 0.51484375 0.6079963235294118 0.0359375 0.12959558823529413
1 0.6 0.6162683823529411 0.027083333333333334 0.11488970588235294
1 0.6479166666666667 0.6079963235294118 0.034375 0.11856617647058823
1 0.6934895833333333 0.5983455882352942 0.034895833333333334 0.12867647058823528
1 0.7125 0.5923713235294118 0.027083333333333334 0.12224264705882353
1 0.7705729166666667 0.5877757352941176 0.0328125 0.15165441176470587
1 0.8088541666666667 0.5818014705882353 0.025 0.12316176470588236
1 0.24348958333333334 0.625 0.0265625 0.10477941176470588