1 0.20052083333333334 0.6438419117647058 0.051041666666666666 0.22150735294117646
1 0.29296875 0.6530330882352942 0.049479166666666664 0.19209558823529413
1 0.37942708333333336 0.6397058823529411 0.04114583333333333 0.20772058823529413
1 0.3690104166666667 0.6971507352941176 0.05677083333333333 0.15900735294117646
1 0.4796875 0.5974264705882353 0.040625 0.17830882352941177
1 0.5752604166666667 0.5785845588235294 0.0453125 0.1957720588235294
1 0.7140625 0.5827205882352942 0.052083333333333336 0.1948529411764706
1 0.7799479166666666 0.5730698529411765 0.05260416666666667 0.18290441176470587
1 0.8473958333333333 0.5215992647058824 0.052083333333333336 0.171875
1 0.9315104166666667 0.5119485294117647 0.043229166666666666 0.13970588235294118
1 0.9622395833333334 0.43933823529411764 0.03697916666666667 0.11397058823529412
1 0.31223958333333335 0.7987132352941176 0.07135416666666666 0.17095588235294118