1 0.12760416666666666 0.8175551470588235 0.058333333333333334 0.15716911764705882
1 0.20442708333333334 0.7757352941176471 0.059895833333333336 0.17463235294117646
1 0.28125 0.6948529411764706 0.065625 0.18382352941176472
1 0.35885416666666664 0.6603860294117647 0.052083333333333336 0.16819852941176472
1 0.43411458333333336 0.6056985294117647 0.0453125 0.15257352941176472
1 0.5440104166666667 0.5643382352941176 0.04739583333333333 0.1488970588235294
1 0.5859375 0.5124080882352942 0.05520833333333333 0.15716911764705882
1 0.6333333333333333 0.46691176470588236 0.05 0.14522058823529413
1 0.6888020833333334 0.40625 0.03802083333333333 0.12867647058823528
1 0.28854166666666664 0.8423713235294118 0.05416666666666667 0.1645220588235294
1 0.72734375 0.40441176470588236 0.0421875 0.125
1 0.70546875 0.5340073529411765 0.0390625 0.13602941176470587