1 0.4466145833333333 0.7876838235294118 0.024479166666666666 0.10110294117647059
1 0.5111979166666667 0.65625 0.022395833333333334 0.08272058823529412
1 0.39427083333333335 0.6875 0.028125 0.11580882352941177
1 0.36484375 0.7587316176470589 0.022395833333333334 0.07996323529411764
1 0.4158854166666667 0.6259191176470589 0.0234375 0.10477941176470588
1 0.45234375 0.5445772058823529 0.021354166666666667 0.09650735294117647
1 0.4700520833333333 0.49402573529411764 0.019270833333333334 0.09650735294117647
1 0.4822916666666667 0.42233455882352944 0.020833333333333332 0.10386029411764706
1 0.5026041666666666 0.3874080882352941 0.022916666666666665 0.0818014705882353
1 0.5276041666666667 0.4352022058823529 0.021875 0.08363970588235294
1 0.8893229166666666 0.5960477941176471 0.0296875 0.09650735294117647