1 0.4940104166666667 0.28262867647058826 0.028645833333333332 0.08363970588235294
1 0.4744791666666667 0.2109375 0.016666666666666666 0.078125
1 0.45208333333333334 0.24448529411764705 0.020833333333333332 0.08639705882352941
1 0.4322916666666667 0.2771139705882353 0.020833333333333332 0.12040441176470588
1 0.4171875 0.34512867647058826 0.022916666666666665 0.11121323529411764
1 0.39401041666666664 0.39338235294117646 0.027604166666666666 0.10477941176470588
1 0.35208333333333336 0.47150735294117646 0.025 0.11029411764705882
1 0.3255208333333333 0.5431985294117647 0.03125 0.12316176470588236
1 0.37447916666666664 0.5615808823529411 0.030208333333333334 0.10477941176470588
1 0.33671875 0.7490808823529411 0.0390625 0.10110294117647059
1 0.8625 0.4453125 0.025 0.08915441176470588