1 0.31640625 0.8023897058823529 0.0296875 0.0900735294117647
1 0.35651041666666666 0.7375919117647058 0.028645833333333332 0.11488970588235294
1 0.390625 0.671875 0.027083333333333334 0.11213235294117647
1 0.4278645833333333 0.6190257352941176 0.024479166666666666 0.1056985294117647
1 0.4765625 0.5395220588235294 0.019791666666666666 0.10845588235294118
1 0.50390625 0.5082720588235294 0.0203125 0.10661764705882353
1 0.5270833333333333 0.4499080882352941 0.023958333333333335 0.09466911764705882
1 0.5734375 0.3984375 0.023958333333333335 0.09650735294117647
1 0.5776041666666667 0.4696691176470588 0.026041666666666668 0.07720588235294118
1 0.565625 0.5670955882352942 0.029166666666666667 0.07904411764705882
1 0.44296875 0.7628676470588235 0.028645833333333332 0.08272058823529412
1 0.5497395833333333 0.41222426470588236 0.019270833333333334 0.10018382352941177
1 0.9005208333333333 0.7504595588235294 0.026041666666666668 0.1056985294117647