1 0.32890625 0.8285845588235294 0.033854166666666664 0.08731617647058823
1 0.3458333333333333 0.8754595588235294 0.028125 0.10753676470588236
1 0.32864583333333336 0.6741727941176471 0.025 0.140625
1 0.2875 0.7329963235294118 0.026041666666666668 0.09834558823529412
1 0.35494791666666664 0.6084558823529411 0.025520833333333333 0.11764705882352941
1 0.39765625 0.5289522058823529 0.024479166666666666 0.109375
1 0.41770833333333335 0.47610294117647056 0.020833333333333332 0.11948529411764706
1 0.43463541666666666 0.4227941176470588 0.0203125 0.11213235294117647
1 0.45651041666666664 0.37224264705882354 0.024479166666666666 0.09926470588235294
1 0.4739583333333333 0.3474264705882353 0.016666666666666666 0.09191176470588236
1 0.49583333333333335 0.4195772058823529 0.021875 0.09283088235294118
1 0.8731770833333333 0.5657169117647058 0.025520833333333333 0.0818014705882353