1 0.3104166666666667 0.6994485294117647 0.03229166666666667 0.14522058823529413
1 0.3502604166666667 0.6236213235294118 0.0390625 0.140625
1 0.38046875 0.5804227941176471 0.0328125 0.09283088235294118
1 0.45338541666666665 0.453125 0.0296875 0.09191176470588236
1 0.47213541666666664 0.4053308823529412 0.034895833333333334 0.08639705882352941
1 0.49270833333333336 0.3547794117647059 0.03333333333333333 0.08088235294117647
1 0.5182291666666666 0.3212316176470588 0.023958333333333335 0.09099264705882353
1 0.5463541666666667 0.39705882352941174 0.027083333333333334 0.0900735294117647
1 0.9111979166666667 0.6070772058823529 0.0359375 0.09283088235294118
1 0.43333333333333335 0.5004595588235294 0.034375 0.10202205882352941
1 0.35260416666666666 0.8235294117647058 0.03854166666666667 0.1213235294117647