1 0.43359375 0.59375 0.0328125 0.12867647058823528
1 0.40677083333333336 0.5854779411764706 0.028125 0.11948529411764706
1 0.3921875 0.4990808823529412 0.027083333333333334 0.08455882352941177
1 0.44635416666666666 0.5009191176470589 0.034375 0.09926470588235294
1 0.5080729166666667 0.5091911764705882 0.028645833333333332 0.10845588235294118
1 0.5729166666666666 0.5165441176470589 0.034375 0.13051470588235295
1 0.646875 0.5225183823529411 0.035416666666666666 0.12775735294117646
1 0.7364583333333333 0.546875 0.030208333333333334 0.11948529411764706
1 0.7875 0.5464154411764706 0.03125 0.12224264705882353
1 0.8385416666666666 0.5436580882352942 0.025 0.12775735294117646
1 0.8658854166666666 0.5675551470588235 0.0359375 0.12959558823529413
1 0.92890625 0.5606617647058824 0.03177083333333333 0.1636029411764706
1 0.9776041666666667 0.5450367647058824 0.029166666666666667 0.11948529411764706