1 0.34765625 0.7486213235294118 0.034895833333333334 0.10753676470588236
1 0.36171875 0.46875 0.0234375 0.14522058823529413
1 0.33645833333333336 0.5335477941176471 0.030208333333333334 0.12591911764705882
1 0.3846354166666667 0.5592830882352942 0.024479166666666666 0.109375
1 0.42552083333333335 0.3469669117647059 0.023958333333333335 0.1130514705882353
1 0.440625 0.29871323529411764 0.01875 0.10110294117647059
1 0.45807291666666666 0.24862132352941177 0.0234375 0.1056985294117647
1 0.4817708333333333 0.20680147058823528 0.016666666666666666 0.08455882352941177
1 0.8723958333333334 0.45174632352941174 0.035416666666666666 0.09650735294117647
1 0.40260416666666665 0.3869485294117647 0.028125 0.11764705882352941
1 0.47265625 0.27987132352941174 0.0203125 0.08363970588235294