1 0.3489583333333333 0.7178308823529411 0.026041666666666668 0.0974264705882353
1 0.39401041666666664 0.7095588235294118 0.025520833333333333 0.09558823529411764
1 0.4466145833333333 0.6741727941176471 0.028645833333333332 0.10386029411764706
1 0.4903645833333333 0.6534926470588235 0.025520833333333333 0.11213235294117647
1 0.5158854166666667 0.7155330882352942 0.030729166666666665 0.09283088235294118
1 0.5447916666666667 0.6305147058823529 0.022916666666666665 0.12316176470588236
1 0.60859375 0.5974264705882353 0.0234375 0.10110294117647059
1 0.6442708333333333 0.5900735294117647 0.029166666666666667 0.08272058823529412
1 0.6796875 0.6245404411764706 0.022916666666666665 0.09283088235294118
1 0.6919270833333333 0.5592830882352942 0.019270833333333334 0.09283088235294118
1 0.72421875 0.5363051470588235 0.028645833333333332 0.09099264705882353