1 0.26875 0.7132352941176471 0.03229166666666667 0.11397058823529412
1 0.3190104166666667 0.6957720588235294 0.025520833333333333 0.10845588235294118
1 0.37161458333333336 0.6668198529411765 0.0265625 0.1056985294117647
1 0.4171875 0.6328125 0.029166666666666667 0.11672794117647059
1 0.46822916666666664 0.6098345588235294 0.019791666666666666 0.10753676470588236
1 0.5346354166666667 0.5744485294117647 0.025520833333333333 0.10661764705882353
1 0.5734375 0.5450367647058824 0.022916666666666665 0.11213235294117647
1 0.6098958333333333 0.5202205882352942 0.021875 0.0974264705882353
1 0.6466145833333333 0.47472426470588236 0.018229166666666668 0.09099264705882353
1 0.43515625 0.7481617647058824 0.0328125 0.0900735294117647
1 0.6455729166666667 0.5891544117647058 0.025520833333333333 0.08455882352941177