1 0.3455729166666667 0.8786764705882353 0.028645833333333332 0.11213235294117647
1 0.3541666666666667 0.7431066176470589 0.030208333333333334 0.09834558823529412
1 0.32708333333333334 0.6672794117647058 0.026041666666666668 0.13051470588235295
1 0.35546875 0.6116727941176471 0.030729166666666665 0.12224264705882353
1 0.29348958333333336 0.7348345588235294 0.024479166666666666 0.12959558823529413
1 0.3984375 0.5298713235294118 0.027083333333333334 0.1056985294117647
1 0.41796875 0.48713235294117646 0.025520833333333333 0.10477941176470588
1 0.43333333333333335 0.4085477941176471 0.025 0.1056985294117647
1 0.45338541666666665 0.3759191176470588 0.016145833333333335 0.09558823529411764
1 0.47942708333333334 0.3400735294117647 0.0203125 0.08272058823529412
1 0.49453125 0.41452205882352944 0.0203125 0.09375
1 0.8729166666666667 0.5473345588235294 0.026041666666666668 0.08915441176470588