1 0.12578125 0.8368566176470589 0.05572916666666667 0.14981617647058823
1 0.20182291666666666 0.7899816176470589 0.06302083333333333 0.18290441176470587
1 0.27708333333333335 0.7040441176470589 0.065625 0.18382352941176472
1 0.35494791666666664 0.6672794117647058 0.049479166666666664 0.15992647058823528
1 0.42942708333333335 0.609375 0.0453125 0.15257352941176472
1 0.53671875 0.5597426470588235 0.04739583333333333 0.1488970588235294
1 0.5802083333333333 0.5160845588235294 0.05520833333333333 0.15716911764705882
1 0.625 0.46231617647058826 0.05 0.14522058823529413
1 0.6778645833333333 0.4016544117647059 0.03802083333333333 0.12867647058823528
1 0.29609375 0.8924632352941176 0.0515625 0.15625
1 0.7200520833333334 0.3805147058823529 0.0421875 0.125
1 0.7283854166666667 0.5022977941176471 0.03697916666666667 0.12959558823529413