1 0.378125 0.5441176470588235 0.026041666666666668 0.09375
1 0.42473958333333334 0.5500919117647058 0.034895833333333334 0.07628676470588236
1 0.42291666666666666 0.6364889705882353 0.025 0.07996323529411764
1 0.47708333333333336 0.5597426470588235 0.028125 0.10110294117647059
1 0.5307291666666667 0.5615808823529411 0.03229166666666667 0.0974264705882353
1 0.5877604166666667 0.5661764705882353 0.024479166666666666 0.10477941176470588
1 0.6622395833333333 0.5813419117647058 0.024479166666666666 0.09099264705882353
1 0.70546875 0.5808823529411765 0.030729166666666665 0.10477941176470588
1 0.79609375 0.6773897058823529 0.030729166666666665 0.08455882352941177
1 0.7484375 0.5726102941176471 0.03125 0.09558823529411764
1 0.7997395833333333 0.578125 0.030729166666666665 0.11948529411764706
1 0.8268229166666666 0.6443014705882353 0.025520833333333333 0.08639705882352941