1 0.13802083333333334 0.8046875 0.058333333333333334 0.15716911764705882
1 0.21588541666666666 0.7660845588235294 0.06302083333333333 0.18290441176470587
1 0.29375 0.6884191176470589 0.065625 0.18382352941176472
1 0.37135416666666665 0.6557904411764706 0.052083333333333336 0.16819852941176472
1 0.44609375 0.6029411764705882 0.0453125 0.15257352941176472
1 0.5575520833333333 0.5634191176470589 0.04739583333333333 0.1488970588235294
1 0.59921875 0.5151654411764706 0.05260416666666667 0.14981617647058823
1 0.6489583333333333 0.4696691176470588 0.05 0.14522058823529413
1 0.7049479166666667 0.4117647058823529 0.03802083333333333 0.12867647058823528
1 0.30182291666666666 0.8115808823529411 0.05677083333333333 0.17279411764705882
1 0.74140625 0.4117647058823529 0.0421875 0.125
1 0.7044270833333334 0.5546875 0.04114583333333333 0.14246323529411764