1 0.4359375 0.5638786764705882 0.01875 0.06709558823529412
1 0.4708333333333333 0.5698529411764706 0.023958333333333335 0.058823529411764705
1 0.5078125 0.5753676470588235 0.021875 0.06433823529411764
1 0.5471354166666667 0.5735294117647058 0.021354166666666667 0.07352941176470588
1 0.5856770833333333 0.5891544117647058 0.022395833333333334 0.07169117647058823
1 0.6369791666666667 0.6089154411764706 0.016666666666666666 0.07077205882352941
1 0.66953125 0.6102941176470589 0.022395833333333334 0.06801470588235294
1 0.7057291666666666 0.6167279411764706 0.026041666666666668 0.06985294117647059
1 0.7372395833333333 0.5978860294117647 0.0171875 0.07077205882352941
1 0.46640625 0.6580882352941176 0.0234375 0.06433823529411764
1 0.44765625 0.6424632352941176 0.0171875 0.05514705882352941