1 0.9809895833333333 0.6475183823529411 0.0359375 0.10753676470588236
1 0.6263020833333334 0.40625 0.0234375 0.09926470588235294
1 0.5966145833333333 0.32950367647058826 0.0328125 0.09283088235294118
1 0.5643229166666667 0.35202205882352944 0.0296875 0.08455882352941177
1 0.54375 0.40625 0.030208333333333334 0.10110294117647059
1 0.5247395833333334 0.4618566176470588 0.033854166666666664 0.09283088235294118
1 0.503125 0.5027573529411765 0.03125 0.09191176470588236
1 0.44895833333333335 0.5726102941176471 0.03958333333333333 0.10110294117647059
1 0.4080729166666667 0.6199448529411765 0.04010416666666667 0.1130514705882353
1 0.375 0.6934742647058824 0.029166666666666667 0.11121323529411764
1 0.4114583333333333 0.7761948529411765 0.0375 0.10386029411764706