1 0.35885416666666664 0.4632352941176471 0.0375 0.13419117647058823
1 0.43125 0.4664522058823529 0.026041666666666668 0.10753676470588236
1 0.5221354166666666 0.4577205882352941 0.03802083333333333 0.13602941176470587
1 0.61328125 0.45496323529411764 0.0296875 0.12683823529411764
1 0.6658854166666667 0.45496323529411764 0.03802083333333333 0.13051470588235295
1 0.7171875 0.4489889705882353 0.036458333333333336 0.13511029411764705
1 0.7369791666666666 0.4306066176470588 0.026041666666666668 0.11672794117647059
1 0.7989583333333333 0.4352022058823529 0.03125 0.14430147058823528
1 0.8416666666666667 0.453125 0.025 0.12316176470588236
1 0.8861979166666667 0.4609375 0.0203125 0.11856617647058823
1 0.20703125 0.4407169117647059 0.028645833333333332 0.07996323529411764
1 0.27890625 0.45266544117647056 0.034895833333333334 0.1130514705882353
1 0.27395833333333336 0.5147058823529411 0.04791666666666667 0.15257352941176472
1 0.23072916666666668 0.5583639705882353 0.04479166666666667 0.15716911764705882