1 0.6830729166666667 0.3538602941176471 0.0453125 0.15073529411764705
1 0.6497395833333334 0.3056066176470588 0.0484375 0.13694852941176472
1 0.6026041666666667 0.3396139705882353 0.03958333333333333 0.1130514705882353
1 0.57109375 0.4241727941176471 0.043229166666666666 0.12591911764705882
1 0.54765625 0.4866727941176471 0.04114583333333333 0.1332720588235294
1 0.5208333333333334 0.5399816176470589 0.04375 0.14246323529411764
1 0.4427083333333333 0.6443014705882353 0.05625 0.14705882352941177
1 0.3875 0.7329963235294118 0.06145833333333333 0.16268382352941177
1 0.3260416666666667 0.8285845588235294 0.05416666666666667 0.14613970588235295
1 0.39609375 0.9664522058823529 0.04739583333333333 0.06525735294117647
1 0.2791666666666667 0.9315257352941176 0.04583333333333333 0.10386029411764706