1 0.3302083333333333 0.6011029411764706 0.035416666666666666 0.13786764705882354
1 0.3645833333333333 0.6084558823529411 0.03854166666666667 0.15073529411764705
1 0.31614583333333335 0.5087316176470589 0.028125 0.09650735294117647
1 0.37135416666666665 0.5142463235294118 0.036458333333333336 0.10753676470588236
1 0.43515625 0.5119485294117647 0.0359375 0.13419117647058823
1 0.49973958333333335 0.5041360294117647 0.03697916666666667 0.14246323529411764
1 0.5703125 0.5055147058823529 0.035416666666666666 0.13051470588235295
1 0.65859375 0.5197610294117647 0.0328125 0.12224264705882353
1 0.7052083333333333 0.5225183823529411 0.034375 0.12408088235294118
1 0.7518229166666667 0.5078125 0.025520833333333333 0.12224264705882353
1 0.7786458333333334 0.5257352941176471 0.028125 0.13051470588235295
1 0.8283854166666667 0.4967830882352941 0.0328125 0.14430147058823528
1 0.871875 0.5009191176470589 0.029166666666666667 0.13786764705882354