1 0.3411458333333333 0.8272058823529411 0.035416666666666666 0.09191176470588236
1 0.3424479166666667 0.8350183823529411 0.0296875 0.1130514705882353
1 0.3489583333333333 0.6704963235294118 0.025 0.140625
1 0.3015625 0.7477022058823529 0.026041666666666668 0.09834558823529412
1 0.3736979166666667 0.6020220588235294 0.025520833333333333 0.11764705882352941
1 0.41640625 0.5234375 0.024479166666666666 0.109375
1 0.41875 0.5128676470588235 0.020833333333333332 0.11948529411764706
1 0.43515625 0.4788602941176471 0.021354166666666667 0.11764705882352941
1 0.47213541666666664 0.3648897058823529 0.024479166666666666 0.09926470588235294
1 0.4869791666666667 0.3400735294117647 0.016666666666666666 0.09191176470588236
1 0.5119791666666667 0.4131433823529412 0.021875 0.09283088235294118
1 0.8908854166666667 0.5647977941176471 0.025520833333333333 0.0818014705882353