1 0.6815104166666667 0.3584558823529412 0.0453125 0.15073529411764705
1 0.6450520833333333 0.31204044117647056 0.0484375 0.13694852941176472
1 0.6015625 0.34512867647058826 0.03958333333333333 0.1130514705882353
1 0.5700520833333333 0.42784926470588236 0.043229166666666666 0.12591911764705882
1 0.5450520833333333 0.4912683823529412 0.04114583333333333 0.1332720588235294
1 0.5203125 0.5445772058823529 0.04375 0.14246323529411764
1 0.44166666666666665 0.6507352941176471 0.05625 0.14705882352941177
1 0.3859375 0.7375919117647058 0.058333333333333334 0.15533088235294118
1 0.32447916666666665 0.8340992647058824 0.05416666666666667 0.14613970588235295
1 0.3953125 0.9655330882352942 0.05 0.06893382352941177
1 0.27760416666666665 0.9402573529411765 0.04375 0.09926470588235294