1 0.3458333333333333 0.7279411764705882 0.026041666666666668 0.0974264705882353
1 0.39401041666666664 0.7159926470588235 0.025520833333333333 0.09558823529411764
1 0.44817708333333334 0.6870404411764706 0.028645833333333332 0.10386029411764706
1 0.4908854166666667 0.6599264705882353 0.025520833333333333 0.11213235294117647
1 0.5143229166666666 0.7458639705882353 0.030729166666666665 0.09283088235294118
1 0.5442708333333334 0.6360294117647058 0.021875 0.11764705882352941
1 0.6096354166666667 0.6158088235294118 0.0234375 0.10110294117647059
1 0.646875 0.5974264705882353 0.029166666666666667 0.08272058823529412
1 0.6927083333333334 0.6479779411764706 0.021875 0.08823529411764706
1 0.68671875 0.5693933823529411 0.019270833333333334 0.09283088235294118
1 0.7252604166666666 0.5390625 0.028645833333333332 0.09099264705882353