1 0.26927083333333335 0.7040441176470589 0.03229166666666667 0.11397058823529412
1 0.31953125 0.6875 0.025520833333333333 0.10845588235294118
1 0.3731770833333333 0.6576286764705882 0.0265625 0.1056985294117647
1 0.41692708333333334 0.6263786764705882 0.027604166666666666 0.11121323529411764
1 0.46927083333333336 0.6015625 0.020833333333333332 0.1130514705882353
1 0.5372395833333333 0.5625 0.025520833333333333 0.10661764705882353
1 0.5744791666666667 0.5321691176470589 0.021875 0.10661764705882353
1 0.6114583333333333 0.5064338235294118 0.021875 0.0974264705882353
1 0.64765625 0.46829044117647056 0.018229166666666668 0.09099264705882353
1 0.65 0.5340073529411765 0.026041666666666668 0.0900735294117647
1 0.43671875 0.7398897058823529 0.0328125 0.0900735294117647