1 0.4453125 0.3244485294117647 0.021875 0.05514705882352941
1 0.46536458333333336 0.33869485294117646 0.0265625 0.07077205882352941
1 0.46640625 0.2541360294117647 0.0296875 0.06893382352941177
1 0.50703125 0.2555147058823529 0.021354166666666667 0.07169117647058823
1 0.54375 0.24816176470588236 0.01875 0.06801470588235294
1 0.5872395833333334 0.26746323529411764 0.0171875 0.0661764705882353
1 0.6377604166666667 0.2881433823529412 0.021354166666666667 0.06158088235294118
1 0.6703125 0.2922794117647059 0.026041666666666668 0.07169117647058823
1 0.7059895833333333 0.29411764705882354 0.022395833333333334 0.0661764705882353
1 0.7388020833333333 0.28079044117647056 0.019270833333333334 0.06525735294117647
1 0.4322916666666667 0.23713235294117646 0.017708333333333333 0.06066176470588235