1 0.21822916666666667 0.7817095588235294 0.051041666666666666 0.22150735294117646
1 0.3067708333333333 0.7688419117647058 0.052083333333333336 0.20128676470588236
1 0.3971354166666667 0.7325367647058824 0.04114583333333333 0.20772058823529413
1 0.4825520833333333 0.7605698529411765 0.05677083333333333 0.15900735294117646
1 0.4869791666666667 0.6599264705882353 0.040625 0.13970588235294118
1 0.5752604166666667 0.6599264705882353 0.04739583333333333 0.20588235294117646
1 0.7057291666666666 0.6360294117647058 0.052083333333333336 0.1948529411764706
1 0.7651041666666667 0.6102941176470589 0.05 0.17463235294117646
1 0.8260416666666667 0.5606617647058824 0.057291666666666664 0.18933823529411764
1 0.9046875 0.5404411764705882 0.03333333333333333 0.15441176470588236
1 0.92421875 0.5174632352941176 0.0390625 0.11948529411764706