1 0.43046875 0.8625919117647058 0.0234375 0.09650735294117647
1 0.50859375 0.6461397058823529 0.022395833333333334 0.08272058823529412
1 0.39765625 0.6755514705882353 0.0296875 0.1213235294117647
1 0.3658854166666667 0.7421875 0.022395833333333334 0.07996323529411764
1 0.41848958333333336 0.6130514705882353 0.0234375 0.10477941176470588
1 0.4549479166666667 0.5321691176470589 0.022395833333333334 0.10110294117647059
1 0.47317708333333336 0.4806985294117647 0.0203125 0.10110294117647059
1 0.48541666666666666 0.4117647058823529 0.019791666666666666 0.09926470588235294
1 0.5057291666666667 0.37545955882352944 0.022916666666666665 0.0818014705882353
1 0.5223958333333333 0.3818933823529412 0.021875 0.08363970588235294
1 0.8958333333333334 0.5873161764705882 0.028125 0.09191176470588236