1 0.44296875 0.7192095588235294 0.0296875 0.11672794117647059
1 0.42135416666666664 0.7040441176470589 0.028125 0.11948529411764706
1 0.40625 0.6130514705882353 0.026041666666666668 0.08088235294117647
1 0.4546875 0.6305147058823529 0.03125 0.0900735294117647
1 0.5088541666666667 0.6314338235294118 0.027083333333333334 0.10294117647058823
1 0.5625 0.6415441176470589 0.034375 0.13051470588235295
1 0.625 0.6415441176470589 0.03229166666666667 0.11580882352941177
1 0.6997395833333333 0.6737132352941176 0.028645833333333332 0.11397058823529412
1 0.74296875 0.6714154411764706 0.028645833333333332 0.11121323529411764
1 0.7911458333333333 0.6649816176470589 0.025 0.12775735294117646
1 0.81015625 0.6810661764705882 0.0296875 0.10661764705882353
1 0.8588541666666667 0.6801470588235294 0.023958333333333335 0.10661764705882353