1 0.35 0.7261029411764706 0.026041666666666668 0.0974264705882353
1 0.39557291666666666 0.7178308823529411 0.025520833333333333 0.09558823529411764
1 0.44921875 0.6852022058823529 0.028645833333333332 0.10386029411764706
1 0.49244791666666665 0.6608455882352942 0.024479166666666666 0.10661764705882353
1 0.5169270833333334 0.7164522058823529 0.030729166666666665 0.09283088235294118
1 0.5447916666666667 0.6351102941176471 0.021875 0.11764705882352941
1 0.61171875 0.6148897058823529 0.0234375 0.10110294117647059
1 0.6453125 0.5965073529411765 0.029166666666666667 0.08272058823529412
1 0.6828125 0.6254595588235294 0.022916666666666665 0.09283088235294118
1 0.68984375 0.5693933823529411 0.019270833333333334 0.09283088235294118
1 0.7263020833333333 0.5372242647058824 0.028645833333333332 0.09099264705882353