1 0.23880208333333333 0.8814338235294118 0.0265625 0.07536764705882353
1 0.26953125 0.7853860294117647 0.033854166666666664 0.12040441176470588
1 0.30130208333333336 0.7164522058823529 0.025520833333333333 0.1130514705882353
1 0.33177083333333335 0.6548713235294118 0.027083333333333334 0.11121323529411764
1 0.3770833333333333 0.578125 0.027083333333333334 0.11213235294117647
1 0.39921875 0.5317095588235294 0.024479166666666666 0.10753676470588236
1 0.4153645833333333 0.46369485294117646 0.0203125 0.11121323529411764
1 0.43697916666666664 0.4333639705882353 0.017708333333333333 0.07996323529411764
1 0.459375 0.39797794117647056 0.01875 0.07720588235294118
1 0.4666666666666667 0.4756433823529412 0.026041666666666668 0.08547794117647059
1 0.43802083333333336 0.6415441176470589 0.026041666666666668 0.0900735294117647
1 0.3614583333333333 0.7954963235294118 0.029166666666666667 0.07996323529411764
1 0.7997395833333333 0.6783088235294118 0.0234375 0.08823529411764706