1 0.2565104166666667 0.8313419117647058 0.04635416666666667 0.17555147058823528
1 0.34375 0.8033088235294118 0.041666666666666664 0.1875
1 0.6109375 0.6907169117647058 0.041666666666666664 0.16819852941176472
1 0.7403645833333333 0.6456801470588235 0.050520833333333334 0.17555147058823528
1 0.43333333333333335 0.7513786764705882 0.042708333333333334 0.18841911764705882
1 0.8020833333333334 0.6502757352941176 0.05 0.17555147058823528
1 0.5239583333333333 0.7159926470588235 0.0375 0.10294117647058823
1 0.8578125 0.5854779411764706 0.046875 0.1636029411764706
1 0.9291666666666667 0.5454963235294118 0.036458333333333336 0.16819852941176472
1 0.52734375 0.8189338235294118 0.04635416666666667 0.13051470588235295
1 0.9635416666666666 0.5588235294117647 0.029166666666666667 0.13419117647058823