1 0.4393229166666667 0.8304227941176471 0.0234375 0.09650735294117647
1 0.5122395833333333 0.6452205882352942 0.022395833333333334 0.08272058823529412
1 0.39505208333333336 0.6783088235294118 0.0296875 0.1213235294117647
1 0.36328125 0.7385110294117647 0.022395833333333334 0.07996323529411764
1 0.4158854166666667 0.6162683823529411 0.022395833333333334 0.10018382352941177
1 0.45338541666666665 0.5358455882352942 0.022395833333333334 0.10110294117647059
1 0.47109375 0.4852941176470588 0.0203125 0.10110294117647059
1 0.48333333333333334 0.4131433823529412 0.020833333333333332 0.10386029411764706
1 0.503125 0.37637867647058826 0.022916666666666665 0.0818014705882353
1 0.5197916666666667 0.4181985294117647 0.022916666666666665 0.08823529411764706
1 0.8916666666666667 0.5891544117647058 0.028125 0.09191176470588236