1 0.9763020833333333 0.6456801470588235 0.0359375 0.10753676470588236
1 0.62265625 0.4053308823529412 0.0234375 0.09926470588235294
1 0.5841145833333333 0.3203125 0.0328125 0.09283088235294118
1 0.5598958333333334 0.3524816176470588 0.03125 0.08915441176470588
1 0.5390625 0.40441176470588236 0.030208333333333334 0.10110294117647059
1 0.52109375 0.4572610294117647 0.033854166666666664 0.09283088235294118
1 0.49895833333333334 0.5009191176470589 0.03125 0.09191176470588236
1 0.44427083333333334 0.5680147058823529 0.03958333333333333 0.10110294117647059
1 0.4049479166666667 0.6190257352941176 0.0421875 0.11856617647058823
1 0.3692708333333333 0.6916360294117647 0.030208333333333334 0.11672794117647059
1 0.4041666666666667 0.7734375 0.03958333333333333 0.109375