1 0.43697916666666664 0.4977022058823529 0.01875 0.06709558823529412
1 0.4622395833333333 0.5868566176470589 0.025520833333333333 0.06158088235294118
1 0.5088541666666667 0.5119485294117647 0.021875 0.06433823529411764
1 0.54765625 0.5073529411764706 0.021354166666666667 0.07352941176470588
1 0.5872395833333334 0.5211397058823529 0.022395833333333334 0.07169117647058823
1 0.6385416666666667 0.5464154411764706 0.017708333333333333 0.0744485294117647
1 0.6705729166666666 0.5450367647058824 0.021354166666666667 0.06433823529411764
1 0.70625 0.5523897058823529 0.026041666666666668 0.06985294117647059
1 0.7377604166666667 0.5326286764705882 0.018229166666666668 0.0744485294117647
1 0.4518229166666667 0.5799632352941176 0.0234375 0.06433823529411764
1 0.4705729166666667 0.5032169117647058 0.016145833333333335 0.06158088235294118