1 0.6825520833333333 0.35294117647058826 0.0453125 0.15073529411764705
1 0.6486979166666667 0.3037683823529412 0.0484375 0.13694852941176472
1 0.6026041666666667 0.34237132352941174 0.03958333333333333 0.1130514705882353
1 0.57109375 0.42325367647058826 0.043229166666666666 0.12591911764705882
1 0.54609375 0.48943014705882354 0.04114583333333333 0.1332720588235294
1 0.5213541666666667 0.5409007352941176 0.04375 0.14246323529411764
1 0.4427083333333333 0.6461397058823529 0.05625 0.14705882352941177
1 0.3885416666666667 0.7348345588235294 0.058333333333333334 0.15533088235294118
1 0.32447916666666665 0.8285845588235294 0.05416666666666667 0.14613970588235295
1 0.3953125 0.9646139705882353 0.05 0.06893382352941177
1 0.2786458333333333 0.9319852941176471 0.04375 0.09926470588235294