1 0.27786458333333336 0.7927389705882353 0.033854166666666664 0.12040441176470588
1 0.30911458333333336 0.7247242647058824 0.025520833333333333 0.1130514705882353
1 0.3390625 0.6622242647058824 0.027083333333333334 0.11121323529411764
1 0.38333333333333336 0.5836397058823529 0.027083333333333334 0.11213235294117647
1 0.4002604166666667 0.5390625 0.0234375 0.10202205882352941
1 0.41953125 0.47012867647058826 0.021354166666666667 0.11672794117647059
1 0.440625 0.4342830882352941 0.017708333333333333 0.07996323529411764
1 0.4635416666666667 0.4025735294117647 0.01875 0.07720588235294118
1 0.4703125 0.4820772058823529 0.026041666666666668 0.08547794117647059
1 0.440625 0.6732536764705882 0.025 0.08547794117647059
1 0.37135416666666665 0.7945772058823529 0.029166666666666667 0.07996323529411764
1 0.8065104166666667 0.6773897058823529 0.0234375 0.08823529411764706