1 0.42552083333333335 0.5266544117647058 0.021875 0.08455882352941177
1 0.44869791666666664 0.5307904411764706 0.025520833333333333 0.09650735294117647
1 0.41041666666666665 0.42922794117647056 0.021875 0.07904411764705882
1 0.45807291666666666 0.43933823529411764 0.030729166666666665 0.09191176470588236
1 0.5109375 0.44255514705882354 0.022916666666666665 0.08547794117647059
1 0.5635416666666667 0.45174632352941174 0.021875 0.10386029411764706
1 0.6234375 0.4586397058823529 0.030208333333333334 0.10294117647058823
1 0.6966145833333334 0.48299632352941174 0.0328125 0.09099264705882353
1 0.73828125 0.48161764705882354 0.0296875 0.09558823529411764
1 0.7830729166666667 0.48943014705882354 0.0234375 0.0818014705882353
1 0.8015625 0.4880514705882353 0.03229166666666667 0.08639705882352941
1 0.8466145833333333 0.5018382352941176 0.0234375 0.09375