1 0.6252604166666667 0.37683823529411764 0.0234375 0.09926470588235294
1 0.59921875 0.3102022058823529 0.0359375 0.10202205882352941
1 0.565625 0.3350183823529412 0.03125 0.08915441176470588
1 0.5411458333333333 0.3961397058823529 0.030208333333333334 0.10110294117647059
1 0.5208333333333334 0.4577205882352941 0.035416666666666666 0.0974264705882353
1 0.496875 0.5055147058823529 0.03125 0.09191176470588236
1 0.4354166666666667 0.5804227941176471 0.04375 0.11121323529411764
1 0.3919270833333333 0.6378676470588235 0.04635416666666667 0.13051470588235295
1 0.34791666666666665 0.7210477941176471 0.030208333333333334 0.11672794117647059
1 0.40677083333333336 0.8295036764705882 0.04375 0.12040441176470588
1 0.31354166666666666 0.8051470588235294 0.026041666666666668 0.11029411764705882
1 0.26588541666666665 0.8772977941176471 0.0296875 0.09283088235294118