1 0.8651041666666667 0.7201286764705882 0.03333333333333333 0.09834558823529412
1 0.3265625 0.7454044117647058 0.030208333333333334 0.11029411764705882
1 0.41458333333333336 0.7660845588235294 0.034375 0.09099264705882353
1 0.3645833333333333 0.6741727941176471 0.03125 0.11672794117647059
1 0.3958333333333333 0.6194852941176471 0.030208333333333334 0.11580882352941177
1 0.44244791666666666 0.5551470588235294 0.0203125 0.10477941176470588
1 0.4674479166666667 0.5105698529411765 0.016145833333333335 0.08915441176470588
1 0.48776041666666664 0.45588235294117646 0.0203125 0.09926470588235294
1 0.5119791666666667 0.41268382352941174 0.020833333333333332 0.0900735294117647
1 0.5377604166666666 0.38878676470588236 0.021354166666666667 0.08088235294117647
1 0.5364583333333334 0.46139705882352944 0.027083333333333334 0.08088235294117647
1 0.5174479166666667 0.5951286764705882 0.028645833333333332 0.0818014705882353
1 0.2890625 0.8198529411764706 0.020833333333333332 0.07352941176470588