1 0.3807291666666667 0.5822610294117647 0.027083333333333334 0.09834558823529412
1 0.4234375 0.5850183823529411 0.03333333333333333 0.07261029411764706
1 0.42083333333333334 0.6369485294117647 0.027083333333333334 0.08823529411764706
1 0.4752604166666667 0.5969669117647058 0.0265625 0.09650735294117647
1 0.5276041666666667 0.6011029411764706 0.03229166666666667 0.0974264705882353
1 0.5841145833333333 0.6038602941176471 0.024479166666666666 0.10477941176470588
1 0.6559895833333333 0.6217830882352942 0.024479166666666666 0.09099264705882353
1 0.6947916666666667 0.6190257352941176 0.029166666666666667 0.10018382352941177
1 0.7208333333333333 0.7045036764705882 0.03229166666666667 0.08915441176470588
1 0.7411458333333333 0.6158088235294118 0.03125 0.09558823529411764
1 0.7895833333333333 0.6075367647058824 0.029166666666666667 0.11397058823529412