1 0.44296875 0.8028492647058824 0.0234375 0.09650735294117647
1 0.51015625 0.6452205882352942 0.022395833333333334 0.08272058823529412
1 0.3919270833333333 0.6801470588235294 0.0296875 0.1213235294117647
1 0.36171875 0.7412683823529411 0.022395833333333334 0.07996323529411764
1 0.41328125 0.6158088235294118 0.024479166666666666 0.11029411764705882
1 0.4513020833333333 0.5344669117647058 0.021354166666666667 0.09650735294117647
1 0.46848958333333335 0.48483455882352944 0.019270833333333334 0.09650735294117647
1 0.48072916666666665 0.41222426470588236 0.020833333333333332 0.10386029411764706
1 0.5010416666666667 0.37454044117647056 0.022916666666666665 0.0818014705882353
1 0.5239583333333333 0.41452205882352944 0.022916666666666665 0.08823529411764706
1 0.8888020833333333 0.5859375 0.0296875 0.09650735294117647