1 0.4328125 0.5298713235294118 0.022916666666666665 0.08915441176470588
1 0.45260416666666664 0.5386029411764706 0.023958333333333335 0.09191176470588236
1 0.4166666666666667 0.44669117647058826 0.021875 0.07904411764705882
1 0.4609375 0.45128676470588236 0.028125 0.08272058823529412
1 0.5114583333333333 0.45588235294117646 0.021875 0.08088235294117647
1 0.5609375 0.4678308823529412 0.020833333333333332 0.09926470588235294
1 0.6166666666666667 0.4696691176470588 0.027083333333333334 0.09375
1 0.6822916666666666 0.4954044117647059 0.03125 0.08639705882352941
1 0.72421875 0.5 0.025520833333333333 0.08272058823529412
1 0.7653645833333333 0.49954044117647056 0.022395833333333334 0.078125
1 0.7872395833333333 0.49954044117647056 0.030729166666666665 0.0818014705882353
1 0.8174479166666667 0.48621323529411764 0.0234375 0.09375