1 0.37786458333333334 0.5454963235294118 0.024479166666666666 0.08915441176470588
1 0.42473958333333334 0.5491727941176471 0.034895833333333334 0.07628676470588236
1 0.42239583333333336 0.6332720588235294 0.026041666666666668 0.08455882352941177
1 0.47760416666666666 0.5606617647058824 0.028125 0.10110294117647059
1 0.5307291666666667 0.5634191176470589 0.03229166666666667 0.0974264705882353
1 0.5877604166666667 0.5661764705882353 0.024479166666666666 0.10477941176470588
1 0.66328125 0.5813419117647058 0.024479166666666666 0.09099264705882353
1 0.7028645833333333 0.5799632352941176 0.030729166666666665 0.10477941176470588
1 0.7893229166666667 0.671875 0.030729166666666665 0.08455882352941177
1 0.7505208333333333 0.5762867647058824 0.03125 0.09558823529411764
1 0.80625 0.5652573529411765 0.029166666666666667 0.11397058823529412
1 0.8283854166666667 0.6488970588235294 0.025520833333333333 0.08639705882352941