1 0.19348958333333333 0.8276654411764706 0.05572916666666667 0.14981617647058823
1 0.26484375 0.7536764705882353 0.059895833333333336 0.17463235294117646
1 0.33177083333333335 0.6920955882352942 0.0625 0.17463235294117646
1 0.4088541666666667 0.6208639705882353 0.052083333333333336 0.16819852941176472
1 0.5059895833333333 0.5275735294117647 0.0453125 0.15257352941176472
1 0.54453125 0.5018382352941176 0.0453125 0.14154411764705882
1 0.5869791666666667 0.44806985294117646 0.05 0.14246323529411764
1 0.64609375 0.3786764705882353 0.04739583333333333 0.13786764705882354
1 0.6825520833333333 0.3570772058823529 0.0328125 0.11488970588235294
1 0.30052083333333335 0.9273897058823529 0.04479166666666667 0.12867647058823528
1 0.7208333333333333 0.44577205882352944 0.03125 0.11764705882352941
1 0.11796875 0.9076286764705882 0.06302083333333333 0.18290441176470587