1 0.26640625 0.5891544117647058 0.0265625 0.08455882352941177
1 0.31536458333333334 0.5900735294117647 0.03177083333333333 0.09375
1 0.31614583333333335 0.6769301470588235 0.04583333333333333 0.09834558823529412
1 0.37135416666666665 0.5753676470588235 0.035416666666666666 0.09926470588235294
1 0.4239583333333333 0.5716911764705882 0.026041666666666668 0.10294117647058823
1 0.4817708333333333 0.5592830882352942 0.023958333333333335 0.11121323529411764
1 0.5536458333333333 0.5638786764705882 0.029166666666666667 0.109375
1 0.5908854166666667 0.5473345588235294 0.024479166666666666 0.09283088235294118
1 0.6338541666666667 0.5275735294117647 0.026041666666666668 0.0900735294117647
1 0.6817708333333333 0.5229779411764706 0.019791666666666666 0.10477941176470588
1 0.71796875 0.6158088235294118 0.0296875 0.10845588235294118