1 0.6794270833333333 0.3694852941176471 0.043229166666666666 0.14338235294117646
1 0.6440104166666667 0.3203125 0.0484375 0.13694852941176472
1 0.6015625 0.35891544117647056 0.03958333333333333 0.1130514705882353
1 0.5690104166666666 0.43887867647058826 0.043229166666666666 0.12591911764705882
1 0.5450520833333333 0.5027573529411765 0.0390625 0.12683823529411764
1 0.5192708333333333 0.5556066176470589 0.04375 0.14246323529411764
1 0.440625 0.6599264705882353 0.05625 0.14705882352941177
1 0.38645833333333335 0.7495404411764706 0.058333333333333334 0.15533088235294118
1 0.32395833333333335 0.8460477941176471 0.05416666666666667 0.14613970588235295
1 0.39453125 0.9664522058823529 0.04739583333333333 0.06525735294117647
1 0.27708333333333335 0.9503676470588235 0.04375 0.09926470588235294