1 0.31484375 0.7083333333333334 0.0296875 0.125
1 0.344921875 0.7173611111111111 0.02890625 0.12083333333333333
1 0.367578125 0.7069444444444445 0.01796875 0.11944444444444445
1 0.39296875 0.7118055555555556 0.0234375 0.10972222222222222
1 0.42109375 0.7152777777777778 0.0234375 0.1111111111111111
1 0.441015625 0.6993055555555555 0.02109375 0.1125
1 0.4671875 0.6944444444444444 0.0265625 0.1111111111111111
1 0.8734375 0.5763888888888888 0.0171875 0.07777777777777778
1 0.396484375 0.44930555555555557 0.01484375 0.05694444444444444
1 0.061328125 0.44722222222222224 0.02421875 0.03333333333333333
1 0.136328125 0.4465277777777778 0.02578125 0.02361111111111111
1 0.23046875 0.4479166666666667 0.01875 0.02638888888888889
1 0.590625 0.44166666666666665 0.0234375 0.025
1 0.751953125 0.4388888888888889 0.01328125 0.044444444444444446
1 0.76640625 0.4375 0.015625 0.025