1 0.31015625 0.7180555555555556 0.028125 0.12222222222222222
1 0.340234375 0.7305555555555555 0.03046875 0.11944444444444445
1 0.366015625 0.7208333333333333 0.02109375 0.11944444444444445
1 0.39140625 0.7229166666666667 0.025 0.1125
1 0.41953125 0.7243055555555555 0.021875 0.1125
1 0.43984375 0.7125 0.0203125 0.11944444444444445
1 0.465625 0.7041666666666667 0.025 0.11388888888888889
1 0.391015625 0.4513888888888889 0.01328125 0.05555555555555555
1 0.877734375 0.5847222222222223 0.01640625 0.07777777777777778
1 0.753125 0.4409722222222222 0.0125 0.04861111111111111
1 0.057421875 0.45069444444444445 0.02421875 0.02638888888888889
1 0.133203125 0.4486111111111111 0.02421875 0.022222222222222223
1 0.227734375 0.45208333333333334 0.02109375 0.02361111111111111