1 0.218359375 0.9145833333333333 0.04609375 0.17083333333333334
1 0.262890625 0.9270833333333334 0.04921875 0.14583333333333334
1 0.296484375 0.9152777777777777 0.02890625 0.16944444444444445
1 0.3296875 0.9166666666666666 0.040625 0.16111111111111112
1 0.370703125 0.9215277777777777 0.03671875 0.15694444444444444
1 0.398046875 0.9020833333333333 0.02890625 0.1625
1 0.44140625 0.89375 0.0328125 0.16527777777777777
1 0.969140625 0.6645833333333333 0.02109375 0.09861111111111111
1 0.337109375 0.48680555555555555 0.01640625 0.0625
1 0.3578125 0.48055555555555557 0.0140625 0.06388888888888888
1 0.787890625 0.46805555555555556 0.01484375 0.05277777777777778