1 0.33046875 0.6770833333333334 0.0296875 0.11527777777777778
1 0.355859375 0.6902777777777778 0.02890625 0.1111111111111111
1 0.377734375 0.6805555555555556 0.02265625 0.10833333333333334
1 0.402734375 0.6840277777777778 0.02578125 0.10416666666666667
1 0.42890625 0.6833333333333333 0.021875 0.10833333333333334
1 0.446484375 0.6756944444444445 0.02109375 0.10416666666666667
1 0.471484375 0.66875 0.02578125 0.10416666666666667
1 0.860546875 0.5659722222222222 0.01640625 0.07361111111111111
1 0.416015625 0.4409722222222222 0.01484375 0.05138888888888889
1 0.4078125 0.43333333333333335 0.0125 0.05
1 0.747265625 0.43680555555555556 0.01171875 0.04861111111111111
1 0.761328125 0.43819444444444444 0.01796875 0.02361111111111111
1 0.658203125 0.4326388888888889 0.01484375 0.03194444444444444
1 0.819921875 0.4375 0.01640625 0.030555555555555555
1 0.59140625 0.42430555555555555 0.015625 0.029166666666666667
1 0.51015625 0.4326388888888889 0.01875 0.02361111111111111
1 0.453125 0.42916666666666664 0.015625 0.027777777777777776
1 0.344921875 0.4326388888888889 0.01640625 0.029166666666666667
1 0.148828125 0.4354166666666667 0.02109375 0.02361111111111111
1 0.238671875 0.43819444444444444 0.01484375 0.02361111111111111
1 0.07421875 0.4395833333333333 0.0234375 0.02361111111111111