1 0.246484375 0.8541666666666666 0.03828125 0.15555555555555556
1 0.284765625 0.875 0.03984375 0.15555555555555556
1 0.31953125 0.8555555555555555 0.028125 0.1527777777777778
1 0.350390625 0.8625 0.03359375 0.15
1 0.387109375 0.8645833333333334 0.02890625 0.15138888888888888
1 0.409375 0.8416666666666667 0.025 0.14722222222222223
1 0.448046875 0.8340277777777778 0.03203125 0.15138888888888888
1 0.34765625 0.4777777777777778 0.0125 0.06666666666666667
1 0.36484375 0.46805555555555556 0.0140625 0.06111111111111111
1 0.777734375 0.45902777777777776 0.01484375 0.04583333333333333
1 0.941015625 0.6395833333333333 0.02109375 0.09027777777777778