1 0.322265625 0.6923611111111111 0.03046875 0.12083333333333333
1 0.35 0.7034722222222223 0.0296875 0.11527777777777778
1 0.373046875 0.6972222222222222 0.02578125 0.11666666666666667
1 0.398046875 0.6986111111111111 0.02578125 0.1111111111111111
1 0.425390625 0.6965277777777777 0.02109375 0.11527777777777778
1 0.44296875 0.6895833333333333 0.021875 0.11805555555555555
1 0.467578125 0.6833333333333333 0.02421875 0.1111111111111111
1 0.06796875 0.4444444444444444 0.0234375 0.030555555555555555
1 0.14140625 0.44166666666666665 0.0234375 0.025
1 0.23359375 0.4444444444444444 0.0171875 0.019444444444444445
1 0.402734375 0.44305555555555554 0.01640625 0.058333333333333334
1 0.75 0.43472222222222223 0.0125 0.04722222222222222
1 0.764453125 0.4388888888888889 0.01640625 0.030555555555555555
1 0.866796875 0.5701388888888889 0.01953125 0.07916666666666666