1 0.072265625 0.4395833333333333 0.02421875 0.02638888888888889
1 0.146484375 0.4375 0.02109375 0.027777777777777776
1 0.2375 0.44027777777777777 0.0171875 0.022222222222222223
1 0.344921875 0.43333333333333335 0.01484375 0.027777777777777776
1 0.412890625 0.44375 0.01484375 0.05416666666666667
1 0.4046875 0.43125 0.0109375 0.04583333333333333
1 0.451171875 0.43125 0.01796875 0.02361111111111111
1 0.50859375 0.43680555555555556 0.015625 0.02361111111111111
1 0.590625 0.4284722222222222 0.0140625 0.029166666666666667
1 0.658984375 0.4354166666666667 0.01640625 0.029166666666666667
1 0.7484375 0.4340277777777778 0.015625 0.04583333333333333
1 0.819921875 0.4395833333333333 0.01953125 0.029166666666666667
1 0.862890625 0.5673611111111111 0.02109375 0.07916666666666666
1 0.32578125 0.6791666666666667 0.028125 0.11666666666666667
1 0.354296875 0.69375 0.02421875 0.10972222222222222
1 0.37734375 0.6840277777777778 0.021875 0.10694444444444444
1 0.401953125 0.6854166666666667 0.02421875 0.10972222222222222
1 0.427734375 0.6902777777777778 0.02109375 0.10555555555555556
1 0.44609375 0.6770833333333334 0.0171875 0.10972222222222222
1 0.471484375 0.6729166666666667 0.02421875 0.10694444444444444