1 0.064453125 0.44722222222222224 0.02421875 0.03333333333333333
1 0.13828125 0.4444444444444444 0.021875 0.025
1 0.23203125 0.4465277777777778 0.01875 0.02361111111111111
1 0.40078125 0.44722222222222224 0.015625 0.058333333333333334
1 0.31796875 0.7020833333333333 0.0296875 0.12083333333333333
1 0.34609375 0.7125 0.028125 0.11666666666666667
1 0.3703125 0.7055555555555556 0.021875 0.11944444444444445
1 0.394921875 0.70625 0.02578125 0.11527777777777778
1 0.423046875 0.7097222222222223 0.01953125 0.11388888888888889
1 0.441015625 0.6979166666666666 0.02109375 0.11527777777777778
1 0.465625 0.6916666666666667 0.0265625 0.11666666666666667
1 0.75078125 0.4375 0.0109375 0.04722222222222222
1 0.764453125 0.43819444444444444 0.01484375 0.029166666666666667
1 0.8703125 0.5756944444444444 0.01875 0.08472222222222223