1 0.330859375 0.6743055555555556 0.02734375 0.1125
1 0.355859375 0.6840277777777778 0.02578125 0.10416666666666667
1 0.37890625 0.6763888888888889 0.021875 0.10833333333333334
1 0.4046875 0.68125 0.0234375 0.10416666666666667
1 0.429296875 0.6805555555555556 0.02109375 0.10555555555555556
1 0.446484375 0.6729166666666667 0.02109375 0.10694444444444444
1 0.47265625 0.6666666666666666 0.025 0.10833333333333334
1 0.8578125 0.5631944444444444 0.0171875 0.07083333333333333
1 0.409765625 0.43472222222222223 0.01484375 0.05277777777777778
1 0.419140625 0.4375 0.01171875 0.05
1 0.7484375 0.42986111111111114 0.0125 0.043055555555555555