1 0.043359375 0.4583333333333333 0.02421875 0.027777777777777776
1 0.122265625 0.45902777777777776 0.02265625 0.02638888888888889
1 0.219140625 0.45902777777777776 0.01953125 0.02638888888888889
1 0.376953125 0.45694444444444443 0.01484375 0.05555555555555555
1 0.3859375 0.45416666666666666 0.0140625 0.05277777777777778
1 0.295703125 0.7451388888888889 0.03046875 0.12638888888888888
1 0.3265625 0.7618055555555555 0.028125 0.12916666666666668
1 0.353515625 0.7493055555555556 0.02734375 0.12361111111111112
1 0.382421875 0.7506944444444444 0.02890625 0.12083333333333333
1 0.4125 0.7541666666666667 0.0234375 0.11944444444444445
1 0.43125 0.7395833333333334 0.0234375 0.12361111111111112
1 0.4625 0.7319444444444444 0.028125 0.12222222222222222
1 0.891796875 0.5972222222222222 0.01953125 0.08333333333333333
1 0.7578125 0.4465277777777778 0.0125 0.04861111111111111