1 0.4 0.6452205882352942 0.029166666666666667 0.08088235294117647
1 0.4236979166666667 0.5923713235294118 0.030729166666666665 0.06525735294117647
1 0.45625 0.6631433823529411 0.030208333333333334 0.07628676470588236
1 0.43125 0.4797794117647059 0.023958333333333335 0.08639705882352941
1 0.4401041666666667 0.5009191176470589 0.027083333333333334 0.07904411764705882
1 0.4583333333333333 0.5243566176470589 0.022916666666666665 0.078125
1 0.5122395833333333 0.4866727941176471 0.028645833333333332 0.07996323529411764
1 0.47552083333333334 0.050551470588235295 0.014583333333333334 0.05330882352941176
1 0.40651041666666665 0.2339154411764706 0.022395833333333334 0.05974264705882353
1 0.44140625 0.2545955882352941 0.018229166666666668 0.0625
1 0.4375 0.19209558823529413 0.021875 0.058823529411764705
1 0.4427083333333333 0.1328125 0.016666666666666666 0.057904411764705885