1 0.43463541666666666 0.5762867647058824 0.0234375 0.03860294117647059
1 0.41640625 0.6006433823529411 0.0203125 0.046875
1 0.4395833333333333 0.6130514705882353 0.019791666666666666 0.03860294117647059
1 0.459375 0.6121323529411765 0.019791666666666666 0.03860294117647059
1 0.40572916666666664 0.5813419117647058 0.016666666666666666 0.03216911764705882
1 0.37786458333333334 0.30422794117647056 0.0203125 0.04963235294117647
1 0.36770833333333336 0.30606617647058826 0.019791666666666666 0.04411764705882353
1 0.36015625 0.34512867647058826 0.0171875 0.06525735294117647
1 0.4635416666666667 0.4885110294117647 0.013541666666666667 0.03768382352941176
1 0.47760416666666666 0.484375 0.019791666666666666 0.04411764705882353
1 0.42291666666666666 0.21185661764705882 0.017708333333333333 0.035845588235294115
1 0.4049479166666667 0.21737132352941177 0.0171875 0.03216911764705882
1 0.41770833333333335 0.234375 0.01875 0.04411764705882353
1 0.43203125 0.23529411764705882 0.0140625 0.04044117647058824
1 0.40390625 0.11534926470588236 0.011979166666666667 0.05422794117647059
1 0.41796875 0.13051470588235295 0.016145833333333335 0.04044117647058824
1 0.4359375 0.13970588235294118 0.019791666666666666 0.029411764705882353
1 0.45338541666666665 0.07490808823529412 0.0140625 0.03952205882352941