1 0.21770833333333334 0.26056985294117646 0.020833333333333332 0.05606617647058824
1 0.9856770833333334 0.5560661764705882 0.019270833333333334 0.08272058823529412
1 0.84453125 0.35891544117647056 0.0171875 0.06525735294117647
1 0.9908854166666666 0.5818014705882353 0.0171875 0.08088235294117647
1 0.7213541666666666 0.7012867647058824 0.027083333333333334 0.09375
1 0.8932291666666666 0.7780330882352942 0.034375 0.08363970588235294
1 0.5098958333333333 0.19347426470588236 0.0125 0.02849264705882353
1 0.5807291666666666 0.18336397058823528 0.014583333333333334 0.03216911764705882
1 0.5776041666666667 0.21737132352941177 0.017708333333333333 0.02849264705882353
1 0.5221354166666666 0.15487132352941177 0.0140625 0.03216911764705882
1 0.5143229166666666 0.16222426470588236 0.0140625 0.03216911764705882