1 0.5283854166666667 0.19898897058823528 0.058854166666666666 0.15165441176470587
1 0.5588541666666667 0.234375 0.034375 0.08272058823529412
1 0.26197916666666665 0.37545955882352944 0.041666666666666664 0.057904411764705885
1 0.45859375 0.5234375 0.03697916666666667 0.08363970588235294
1 0.5416666666666666 0.5248161764705882 0.034375 0.05330882352941176
1 0.7549479166666667 0.18474264705882354 0.049479166666666664 0.07904411764705882
1 0.6122395833333333 0.7458639705882353 0.07864583333333333 0.1645220588235294
1 0.5322916666666667 0.9117647058823529 0.035416666666666666 0.0900735294117647
1 0.18203125 0.46875 0.043229166666666666 0.06433823529411764
1 0.2796875 0.44485294117647056 0.04479166666666667 0.07904411764705882
1 0.33984375 0.04595588235294118 0.0578125 0.06433823529411764