1 0.5294270833333333 0.19715073529411764 0.058854166666666666 0.15165441176470587
1 0.559375 0.234375 0.034375 0.08272058823529412
1 0.3151041666666667 0.38235294117647056 0.04375 0.05698529411764706
1 0.4596354166666667 0.5206801470588235 0.03697916666666667 0.08363970588235294
1 0.5427083333333333 0.5211397058823529 0.034375 0.05330882352941176
1 0.7565104166666666 0.18474264705882354 0.049479166666666664 0.07904411764705882
1 0.61171875 0.7431066176470589 0.07864583333333333 0.1645220588235294
1 0.5145833333333333 0.9163602941176471 0.035416666666666666 0.07352941176470588
1 0.24557291666666667 0.4099264705882353 0.04635416666666667 0.06433823529411764
1 0.3614583333333333 0.4494485294117647 0.04479166666666667 0.07904411764705882
1 0.3375 0.03079044117647059 0.05520833333333333 0.06158088235294118