1 0.753125 0.6980698529411765 0.021875 0.08547794117647059
1 0.7184895833333333 0.734375 0.030729166666666665 0.058823529411764705
1 0.8809895833333333 0.35753676470588236 0.022395833333333334 0.06066176470588235
1 0.25 0.23897058823529413 0.022916666666666665 0.05330882352941176
1 0.60703125 0.2743566176470588 0.013020833333333334 0.03400735294117647
1 0.5981770833333333 0.2743566176470588 0.0140625 0.02665441176470588
1 0.5989583333333334 0.28860294117647056 0.014583333333333334 0.03860294117647059
1 0.5765625 0.32628676470588236 0.01875 0.03860294117647059
1 0.5015625 0.29044117647058826 0.01875 0.03860294117647059
1 0.521875 0.23988970588235295 0.013541666666666667 0.03308823529411765
1 0.5140625 0.2495404411764706 0.013541666666666667 0.03400735294117647