1 0.7510416666666667 0.7095588235294118 0.022916666666666665 0.0900735294117647
1 0.7200520833333334 0.7371323529411765 0.030729166666666665 0.058823529411764705
1 0.88359375 0.3602941176470588 0.022395833333333334 0.06066176470588235
1 0.2520833333333333 0.23988970588235295 0.022916666666666665 0.05330882352941176
1 0.6013020833333333 0.29641544117647056 0.013020833333333334 0.03400735294117647
1 0.6002604166666666 0.2899816176470588 0.0140625 0.02665441176470588
1 0.5984375 0.3005514705882353 0.014583333333333334 0.03860294117647059
1 0.575 0.34558823529411764 0.01875 0.03860294117647059
1 0.49947916666666664 0.3115808823529412 0.01875 0.03860294117647059
1 0.5205729166666667 0.25275735294117646 0.0140625 0.034926470588235295
1 0.5111979166666667 0.26516544117647056 0.0140625 0.035845588235294115