1 0.39505208333333336 0.7582720588235294 0.030729166666666665 0.07904411764705882
1 0.47734375 0.14430147058823528 0.03177083333333333 0.06801470588235294
1 0.575 0.19163602941176472 0.027083333333333334 0.0744485294117647
1 0.86171875 0.13189338235294118 0.03697916666666667 0.08915441176470588
1 0.8265625 0.42141544117647056 0.029166666666666667 0.07628676470588236
1 0.7869791666666667 0.44715073529411764 0.020833333333333332 0.06525735294117647
1 0.5921875 0.4728860294117647 0.022916666666666665 0.06709558823529412
1 0.5716145833333334 0.46047794117647056 0.022395833333333334 0.08823529411764706
1 0.6036458333333333 0.3837316176470588 0.021875 0.08731617647058823
1 0.6388020833333333 0.3014705882352941 0.0171875 0.04595588235294118
1 0.6434895833333333 0.27068014705882354 0.0171875 0.043198529411764705
1 0.6484375 0.23851102941176472 0.016666666666666666 0.05238970588235294
1 0.65625 0.2265625 0.015625 0.03952205882352941