1 0.4283854166666667 0.7509191176470589 0.030729166666666665 0.07904411764705882
1 0.5002604166666667 0.140625 0.03177083333333333 0.06801470588235294
1 0.5973958333333333 0.18428308823529413 0.026041666666666668 0.07077205882352941
1 0.6276041666666666 0.4099264705882353 0.021875 0.07352941176470588
1 0.61171875 0.39889705882352944 0.0265625 0.07169117647058823
1 0.9075520833333334 0.11626838235294118 0.03697916666666667 0.08915441176470588
1 0.8494791666666667 0.4085477941176471 0.029166666666666667 0.07628676470588236
1 0.8125 0.4375 0.019791666666666666 0.0625
1 0.6380208333333334 0.3469669117647059 0.035416666666666666 0.06341911764705882
1 0.6677083333333333 0.2931985294117647 0.022916666666666665 0.06433823529411764
1 0.6596354166666667 0.2541360294117647 0.028645833333333332 0.06893382352941177
1 0.6794270833333333 0.19715073529411764 0.0265625 0.06893382352941177