1 0.30078125 0.2495404411764706 0.0328125 0.06158088235294118
1 0.6140625 0.25045955882352944 0.07916666666666666 0.12959558823529413
1 0.5950520833333334 0.5579044117647058 0.0328125 0.051470588235294115
1 0.4934895833333333 0.8671875 0.025520833333333333 0.043198529411764705
1 0.4421875 0.8046875 0.03333333333333333 0.057904411764705885
1 0.6630208333333333 0.4618566176470588 0.023958333333333335 0.05974264705882353
1 0.6645833333333333 0.5220588235294118 0.023958333333333335 0.05698529411764706
1 0.6622395833333333 0.5850183823529411 0.0234375 0.06341911764705882
1 0.440625 0.46231617647058826 0.029166666666666667 0.06985294117647059
1 0.029947916666666668 0.07123161764705882 0.04635416666666667 0.07996323529411764
1 0.6940104166666666 0.47840073529411764 0.025520833333333333 0.0818014705882353