1 0.9598958333333333 0.4181985294117647 0.029166666666666667 0.08272058823529412
1 0.8731770833333333 0.2417279411764706 0.021354166666666667 0.07352941176470588
1 0.7643229166666666 0.6135110294117647 0.021354166666666667 0.08915441176470588
1 0.7307291666666667 0.6351102941176471 0.030208333333333334 0.06066176470588235
1 0.525 0.4384191176470588 0.025 0.06066176470588235
1 0.42890625 0.4181985294117647 0.0296875 0.042279411764705885
1 0.5708333333333333 0.36534926470588236 0.025 0.05974264705882353
1 0.5578125 0.3630514705882353 0.021875 0.034926470588235295
1 0.5520833333333334 0.37545955882352944 0.014583333333333334 0.03400735294117647
1 0.5546875 0.3961397058823529 0.023958333333333335 0.034926470588235295
1 0.4627604166666667 0.31893382352941174 0.019270833333333334 0.0625
1 0.45807291666666666 0.31525735294117646 0.018229166666666668 0.034926470588235295
1 0.45625 0.328125 0.023958333333333335 0.03860294117647059
1 0.45260416666666664 0.34329044117647056 0.016666666666666666 0.02665441176470588