1 0.7510416666666667 0.7086397058823529 0.022916666666666665 0.0900735294117647
1 0.7200520833333334 0.7398897058823529 0.030729166666666665 0.058823529411764705
1 0.88359375 0.3616727941176471 0.0234375 0.06341911764705882
1 0.2526041666666667 0.24080882352941177 0.022916666666666665 0.05330882352941176
1 0.5583333333333333 0.39981617647058826 0.020833333333333332 0.042279411764705885
1 0.47708333333333336 0.3694852941176471 0.020833333333333332 0.042279411764705885
1 0.9572916666666667 0.5298713235294118 0.03125 0.09466911764705882
1 0.5963541666666666 0.35431985294117646 0.016666666666666666 0.05606617647058824
1 0.5815104166666667 0.3469669117647059 0.016145833333333335 0.030330882352941176
1 0.58046875 0.3671875 0.0140625 0.04503676470588235
1 0.49973958333333335 0.31066176470588236 0.0171875 0.0625
1 0.49114583333333334 0.3170955882352941 0.015625 0.03308823529411765