1 0.52890625 0.19806985294117646 0.058854166666666666 0.15165441176470587
1 0.559375 0.234375 0.034375 0.08272058823529412
1 0.2869791666666667 0.37637867647058826 0.041666666666666664 0.057904411764705885
1 0.46015625 0.5225183823529411 0.03697916666666667 0.08363970588235294
1 0.54375 0.5248161764705882 0.034375 0.05330882352941176
1 0.7559895833333333 0.18566176470588236 0.049479166666666664 0.07904411764705882
1 0.6122395833333333 0.7440257352941176 0.07864583333333333 0.1645220588235294
1 0.5265625 0.9126838235294118 0.035416666666666666 0.0900735294117647
1 0.21432291666666667 0.4264705882352941 0.0546875 0.06433823529411764
1 0.32135416666666666 0.45128676470588236 0.04479166666666667 0.07904411764705882
1 0.3375 0.03630514705882353 0.05520833333333333 0.06158088235294118