1 0.2171875 0.2619485294117647 0.019791666666666666 0.05330882352941176
1 0.9830729166666666 0.5560661764705882 0.019270833333333334 0.08272058823529412
1 0.84296875 0.35891544117647056 0.0171875 0.06525735294117647
1 0.9903645833333333 0.5799632352941176 0.0171875 0.08088235294117647
1 0.7208333333333333 0.703125 0.027083333333333334 0.09375
1 0.8916666666666667 0.7844669117647058 0.034375 0.08363970588235294
1 0.51796875 0.14384191176470587 0.011979166666666667 0.021139705882352942
1 0.5140625 0.15349264705882354 0.011458333333333333 0.016544117647058824
1 0.50859375 0.18474264705882354 0.011979166666666667 0.027573529411764705
1 0.5838541666666667 0.17738970588235295 0.013541666666666667 0.02389705882352941
1 0.5815104166666667 0.21231617647058823 0.015104166666666667 0.03125