1 0.3768229166666667 0.22886029411764705 0.030729166666666665 0.0661764705882353
1 0.4080729166666667 0.4384191176470588 0.03697916666666667 0.05698529411764706
1 0.45234375 0.5473345588235294 0.0296875 0.078125
1 0.19739583333333333 0.6456801470588235 0.04479166666666667 0.06893382352941177
1 0.3294270833333333 0.8933823529411765 0.050520833333333334 0.06801470588235294
1 0.41171875 0.9099264705882353 0.03802083333333333 0.07720588235294118
1 0.47421875 0.4563419117647059 0.030729166666666665 0.057904411764705885
1 0.4513020833333333 0.46139705882352944 0.0328125 0.06066176470588235
1 0.6091145833333333 0.8414522058823529 0.0390625 0.06893382352941177
1 0.6171875 0.4696691176470588 0.03854166666666667 0.08088235294117647
1 0.6216145833333333 0.53125 0.05364583333333333 0.07720588235294118