1 0.9536458333333333 0.5202205882352942 0.025 0.08272058823529412
1 0.8828125 0.3635110294117647 0.020833333333333332 0.05974264705882353
1 0.7502604166666667 0.7063419117647058 0.0234375 0.078125
1 0.7190104166666667 0.7334558823529411 0.024479166666666666 0.058823529411764705
1 0.25416666666666665 0.24448529411764705 0.021875 0.04595588235294118
1 0.48151041666666666 0.35202205882352944 0.0171875 0.0661764705882353
1 0.4703125 0.3391544117647059 0.0125 0.027573529411764705
1 0.46979166666666666 0.3639705882352941 0.011458333333333333 0.025735294117647058
1 0.57109375 0.4021139705882353 0.0203125 0.04136029411764706
1 0.56796875 0.3929227941176471 0.0171875 0.024816176470588234
1 0.5393229166666667 0.45818014705882354 0.0203125 0.050551470588235295
1 0.45625 0.4255514705882353 0.01875 0.03860294117647059
1 0.56484375 0.42463235294117646 0.015104166666666667 0.03860294117647059