1 0.33229166666666665 0.3161764705882353 0.036458333333333336 0.06801470588235294
1 0.609375 0.2536764705882353 0.08333333333333333 0.13602941176470587
1 0.6078125 0.5611213235294118 0.034375 0.05422794117647059
1 0.6591145833333333 0.8736213235294118 0.043229166666666666 0.06341911764705882
1 0.48411458333333335 0.8681066176470589 0.024479166666666666 0.04136029411764706
1 0.45390625 0.7385110294117647 0.034895833333333334 0.06341911764705882
1 0.6869791666666667 0.6571691176470589 0.03125 0.0661764705882353
1 0.6583333333333333 0.46875 0.022916666666666665 0.05698529411764706
1 0.6619791666666667 0.53125 0.021875 0.051470588235294115
1 0.6596354166666667 0.5799632352941176 0.024479166666666666 0.0661764705882353
1 0.43697916666666664 0.46139705882352944 0.029166666666666667 0.06985294117647059
1 0.017708333333333333 0.09972426470588236 0.035416666666666666 0.06893382352941177