1 0.3359375 0.29044117647058826 0.036458333333333336 0.06801470588235294
1 0.6098958333333333 0.24770220588235295 0.07916666666666666 0.12959558823529413
1 0.6143229166666667 0.5615808823529411 0.0359375 0.05698529411764706
1 0.6627604166666666 0.8653492647058824 0.04114583333333333 0.05974264705882353
1 0.4861979166666667 0.8653492647058824 0.024479166666666666 0.04136029411764706
1 0.45416666666666666 0.7637867647058824 0.036458333333333336 0.0900735294117647
1 0.684375 0.6433823529411765 0.03125 0.04595588235294118
1 0.6583333333333333 0.4641544117647059 0.022916666666666665 0.05698529411764706
1 0.6619791666666667 0.5257352941176471 0.021875 0.051470588235294115
1 0.6591145833333333 0.5753676470588235 0.024479166666666666 0.0661764705882353
1 0.4359375 0.4641544117647059 0.029166666666666667 0.06985294117647059
1 0.0203125 0.0896139705882353 0.0375 0.06893382352941177