1 0.9497395833333333 0.19852941176470587 0.0328125 0.08272058823529412
1 0.82109375 0.4522058823529412 0.024479166666666666 0.07720588235294118
1 0.7908854166666667 0.4765625 0.022395833333333334 0.06158088235294118
1 0.48802083333333335 0.19117647058823528 0.022916666666666665 0.04779411764705882
1 0.58046875 0.23529411764705882 0.025520833333333333 0.04963235294117647
1 0.6450520833333333 0.3552389705882353 0.0203125 0.0744485294117647
1 0.63359375 0.3350183823529412 0.024479166666666666 0.078125
1 0.6403645833333333 0.2844669117647059 0.018229166666666668 0.046875
1 0.51015625 0.16681985294117646 0.019270833333333334 0.043198529411764705
1 0.6518229166666667 0.25137867647058826 0.027604166666666666 0.03952205882352941
1 0.5447916666666667 0.14430147058823528 0.026041666666666668 0.0625
1 0.5559895833333334 0.16636029411764705 0.022395833333333334 0.0661764705882353
1 0.5747395833333333 0.1792279411764706 0.0203125 0.06801470588235294
1 0.5966145833333333 0.1801470588235294 0.024479166666666666 0.042279411764705885
1 0.5200520833333333 0.8524816176470589 0.033854166666666664 0.08731617647058823