1 0.07786458333333333 0.39981617647058826 0.06197916666666667 0.05698529411764706
1 0.48385416666666664 0.28952205882352944 0.027083333333333334 0.05330882352941176
1 0.634375 0.44025735294117646 0.025 0.07169117647058823
1 0.30911458333333336 0.6815257352941176 0.03177083333333333 0.07996323529411764
1 0.33828125 0.6971507352941176 0.033854166666666664 0.06158088235294118
1 0.3723958333333333 0.7807904411764706 0.03229166666666667 0.06525735294117647
1 0.4244791666666667 0.8828125 0.040625 0.078125
1 0.34817708333333336 0.9457720588235294 0.024479166666666666 0.027573529411764705
1 0.3104166666666667 0.5845588235294118 0.04791666666666667 0.051470588235294115
1 0.4205729166666667 0.8138786764705882 0.0390625 0.05974264705882353
1 0.37604166666666666 0.953125 0.028125 0.03676470588235294