1 0.52578125 0.18612132352941177 0.06197916666666667 0.15900735294117646
1 0.5565104166666667 0.22012867647058823 0.0359375 0.08731617647058823
1 0.4036458333333333 0.3648897058823529 0.041666666666666664 0.07536764705882353
1 0.45234375 0.4131433823529412 0.033854166666666664 0.07628676470588236
1 0.5395833333333333 0.515625 0.03125 0.05514705882352941
1 0.75703125 0.17279411764705882 0.049479166666666664 0.07904411764705882
1 0.6080729166666666 0.7435661764705882 0.0828125 0.17279411764705882
1 0.50078125 0.9273897058823529 0.0328125 0.07169117647058823
1 0.4544270833333333 0.3258272058823529 0.034895833333333334 0.05606617647058824
1 0.3385416666666667 0.05698529411764706 0.03854166666666667 0.07169117647058823
1 0.4270833333333333 0.2113970588235294 0.04583333333333333 0.08639705882352941