1 0.7515625 0.7086397058823529 0.022916666666666665 0.0900735294117647
1 0.72109375 0.7389705882352942 0.030729166666666665 0.058823529411764705
1 0.8841145833333334 0.359375 0.022395833333333334 0.06066176470588235
1 0.2526041666666667 0.23988970588235295 0.022916666666666665 0.05330882352941176
1 0.5708333333333333 0.3639705882352941 0.01875 0.03860294117647059
1 0.49114583333333334 0.3327205882352941 0.019791666666666666 0.04044117647058824
1 0.9815104166666667 0.5919117647058824 0.0296875 0.0900735294117647
1 0.6028645833333334 0.3079044117647059 0.018229166666666668 0.04044117647058824
1 0.5932291666666667 0.3102022058823529 0.016666666666666666 0.030330882352941176
1 0.59140625 0.3304227941176471 0.018229166666666668 0.030330882352941176
1 0.5192708333333333 0.27527573529411764 0.015625 0.04503676470588235
1 0.5104166666666666 0.26700367647058826 0.014583333333333334 0.02665441176470588
1 0.5052083333333334 0.27619485294117646 0.015625 0.024816176470588234
1 0.503125 0.2931985294117647 0.015625 0.03125