1 0.7515625 0.7068014705882353 0.022916666666666665 0.0900735294117647
1 0.7205729166666667 0.7371323529411765 0.030729166666666665 0.058823529411764705
1 0.88359375 0.36121323529411764 0.022395833333333334 0.06066176470588235
1 0.2526041666666667 0.23988970588235295 0.022916666666666665 0.05330882352941176
1 0.5505208333333333 0.42922794117647056 0.020833333333333332 0.042279411764705885
1 0.46875 0.39246323529411764 0.020833333333333332 0.042279411764705885
1 0.9544270833333334 0.5211397058823529 0.0296875 0.0900735294117647
1 0.5838541666666667 0.38143382352941174 0.015625 0.05330882352941176
1 0.5731770833333333 0.3708639705882353 0.0171875 0.03216911764705882
1 0.5778645833333333 0.3975183823529412 0.0140625 0.04503676470588235
1 0.4908854166666667 0.3336397058823529 0.0171875 0.0625
1 0.48020833333333335 0.33731617647058826 0.015625 0.03308823529411765