1 0.20625 0.26700367647058826 0.020833333333333332 0.05606617647058824
1 0.97109375 0.5505514705882353 0.019270833333333334 0.08272058823529412
1 0.8315104166666667 0.3561580882352941 0.018229166666666668 0.06893382352941177
1 0.9799479166666667 0.5726102941176471 0.018229166666666668 0.08455882352941177
1 0.7119791666666667 0.7012867647058824 0.027083333333333334 0.09375
1 0.8791666666666667 0.7798713235294118 0.034375 0.08363970588235294
1 0.5838541666666667 0.13878676470588236 0.014583333333333334 0.027573529411764705
1 0.5802083333333333 0.16498161764705882 0.014583333333333334 0.02297794117647059
1 0.52265625 0.1130514705882353 0.013020833333333334 0.022058823529411766
1 0.5166666666666667 0.11672794117647059 0.014583333333333334 0.01838235294117647
1 0.5166666666666667 0.140625 0.0125 0.027573529411764705