1 0.9661458333333334 0.44577205882352944 0.028125 0.07904411764705882
1 0.87578125 0.2743566176470588 0.0203125 0.07077205882352941
1 0.7611979166666667 0.6374080882352942 0.021354166666666667 0.08915441176470588
1 0.728125 0.6580882352941176 0.030208333333333334 0.06066176470588235
1 0.5244791666666667 0.45909926470588236 0.023958333333333335 0.057904411764705885
1 0.42890625 0.43474264705882354 0.0296875 0.042279411764705885
1 0.4625 0.34099264705882354 0.017708333333333333 0.06985294117647059
1 0.5611979166666666 0.3938419117647059 0.021354166666666667 0.06158088235294118
1 0.5575520833333333 0.38556985294117646 0.019270833333333334 0.03768382352941176
1 0.5518229166666667 0.4053308823529412 0.013020833333333334 0.029411764705882353
1 0.5544270833333333 0.42693014705882354 0.018229166666666668 0.04503676470588235
1 0.4596354166666667 0.3474264705882353 0.0203125 0.042279411764705885
1 0.45807291666666666 0.375 0.013020833333333334 0.03308823529411765