1 0.7067708333333333 0.06479779411764706 0.046875 0.10386029411764706
1 0.5088541666666667 0.22794117647058823 0.034375 0.07720588235294118
1 0.3958333333333333 0.6438419117647058 0.05416666666666667 0.10202205882352941
1 0.6119791666666666 0.8046875 0.03958333333333333 0.10753676470588236
1 0.5778645833333333 0.7743566176470589 0.034895833333333334 0.07261029411764706
1 0.546875 0.7412683823529411 0.030208333333333334 0.07261029411764706
1 0.42552083333333335 0.6112132352941176 0.040625 0.08088235294117647
1 0.41380208333333335 0.5675551470588235 0.0296875 0.04871323529411765
1 0.39427083333333335 0.5588235294117647 0.03854166666666667 0.05698529411764706
1 0.38046875 0.5335477941176471 0.04114583333333333 0.05606617647058824
1 0.36276041666666664 0.53125 0.0328125 0.07352941176470588