1 0.33880208333333334 0.24816176470588236 0.034895833333333334 0.06433823529411764
1 0.6098958333333333 0.24586397058823528 0.07916666666666666 0.12959558823529413
1 0.615625 0.5574448529411765 0.034375 0.05422794117647059
1 0.6627604166666666 0.8644301470588235 0.04114583333333333 0.05974264705882353
1 0.48984375 0.8635110294117647 0.025520833333333333 0.043198529411764705
1 0.44479166666666664 0.8028492647058824 0.03333333333333333 0.057904411764705885
1 0.6598958333333333 0.4554227941176471 0.023958333333333335 0.05974264705882353
1 0.6625 0.5257352941176471 0.021875 0.051470588235294115
1 0.6611979166666667 0.5693933823529411 0.022395833333333334 0.05974264705882353
1 0.4375 0.4586397058823529 0.029166666666666667 0.06985294117647059
1 0.02421875 0.08777573529411764 0.044270833333333336 0.07628676470588236
1 0.6908854166666667 0.5215992647058824 0.025520833333333333 0.0818014705882353