1 0.34010416666666665 0.2711397058823529 0.036458333333333336 0.06801470588235294
1 0.6088541666666667 0.24678308823529413 0.07916666666666666 0.12959558823529413
1 0.6143229166666667 0.5551470588235294 0.0359375 0.05698529411764706
1 0.6611979166666667 0.8635110294117647 0.04114583333333333 0.05974264705882353
1 0.48671875 0.8644301470588235 0.025520833333333333 0.043198529411764705
1 0.44583333333333336 0.8000919117647058 0.03333333333333333 0.057904411764705885
1 0.6583333333333333 0.4586397058823529 0.022916666666666665 0.05698529411764706
1 0.6578125 0.5413602941176471 0.021875 0.051470588235294115
1 0.65859375 0.5712316176470589 0.0234375 0.06341911764705882
1 0.43802083333333336 0.46599264705882354 0.029166666666666667 0.06985294117647059
1 0.023177083333333334 0.0859375 0.0421875 0.07261029411764706