1 0.3028645833333333 0.2426470588235294 0.034895833333333334 0.06433823529411764
1 0.615625 0.25137867647058826 0.07916666666666666 0.12959558823529413
1 0.60546875 0.5588235294117647 0.0328125 0.051470588235294115
1 0.66953125 0.8396139705882353 0.04114583333333333 0.05974264705882353
1 0.50234375 0.8690257352941176 0.025520833333333333 0.043198529411764705
1 0.44479166666666664 0.8056066176470589 0.03333333333333333 0.057904411764705885
1 0.6645833333333333 0.4618566176470588 0.023958333333333335 0.05974264705882353
1 0.6651041666666667 0.5211397058823529 0.023958333333333335 0.05698529411764706
1 0.6627604166666666 0.5840992647058824 0.0234375 0.06341911764705882
1 0.44166666666666665 0.4568014705882353 0.029166666666666667 0.06985294117647059
1 0.025260416666666667 0.07306985294117647 0.044270833333333336 0.07628676470588236
1 0.6934895833333333 0.48391544117647056 0.025520833333333333 0.0818014705882353