1 0.328125 0.32077205882352944 0.036458333333333336 0.06801470588235294
1 0.6109375 0.2536764705882353 0.08333333333333333 0.13602941176470587
1 0.6098958333333333 0.5500919117647058 0.034375 0.05422794117647059
1 0.6580729166666667 0.8727022058823529 0.043229166666666666 0.06341911764705882
1 0.4830729166666667 0.8681066176470589 0.024479166666666666 0.04136029411764706
1 0.4549479166666667 0.7247242647058824 0.034895833333333334 0.06341911764705882
1 0.6869791666666667 0.6700367647058824 0.03125 0.0661764705882353
1 0.6588541666666666 0.46691176470588236 0.022916666666666665 0.05698529411764706
1 0.6619791666666667 0.5303308823529411 0.021875 0.051470588235294115
1 0.6591145833333333 0.578125 0.024479166666666666 0.0661764705882353
1 0.43359375 0.453125 0.0234375 0.06985294117647059
1 0.016666666666666666 0.09283088235294118 0.030208333333333334 0.07904411764705882