1 0.23411458333333332 0.1557904411764706 0.0265625 0.057904411764705885
1 0.22552083333333334 0.09420955882352941 0.01875 0.046875
1 0.86796875 0.09696691176470588 0.0234375 0.07077205882352941
1 0.9424479166666667 0.2766544117647059 0.0328125 0.08272058823529412
1 0.78203125 0.4963235294117647 0.024479166666666666 0.07720588235294118
1 0.7533854166666667 0.5317095588235294 0.022395833333333334 0.06158088235294118
1 0.5997395833333333 0.32536764705882354 0.0203125 0.06433823529411764
1 0.5885416666666666 0.28952205882352944 0.014583333333333334 0.03860294117647059
1 0.5846354166666666 0.26424632352941174 0.011979166666666667 0.030330882352941176
1 0.6 0.2578125 0.016666666666666666 0.03952205882352941
1 0.4515625 0.28308823529411764 0.021875 0.04595588235294118
1 0.5466145833333333 0.3235294117647059 0.018229166666666668 0.04963235294117647
1 0.471875 0.22242647058823528 0.020833333333333332 0.03676470588235294
1 0.47708333333333336 0.19669117647058823 0.016666666666666666 0.03860294117647059
1 0.50390625 0.9246323529411765 0.024479166666666666 0.09375