1 0.6260416666666667 0.5257352941176471 0.053125 0.09926470588235294
1 0.3575520833333333 0.8915441176470589 0.0421875 0.0661764705882353
1 0.3302083333333333 0.5284926470588235 0.026041666666666668 0.05698529411764706
1 0.38046875 0.47012867647058826 0.03697916666666667 0.06525735294117647
1 0.41484375 0.42693014705882354 0.025520833333333333 0.05974264705882353
1 0.4401041666666667 0.43566176470588236 0.030208333333333334 0.06433823529411764
1 0.53203125 0.44347426470588236 0.0296875 0.0744485294117647
1 0.20572916666666666 0.8887867647058824 0.052083333333333336 0.0900735294117647
1 0.28984375 0.7049632352941176 0.04010416666666667 0.05698529411764706
1 0.43020833333333336 0.9136029411764706 0.03125 0.07720588235294118
1 0.31796875 0.2780330882352941 0.049479166666666664 0.05422794117647059