1 0.034375 0.19071691176470587 0.05416666666666667 0.1056985294117647
1 0.36822916666666666 0.13602941176470587 0.052083333333333336 0.06985294117647059
1 0.44036458333333334 0.43566176470588236 0.027604166666666666 0.0625
1 0.51171875 0.4880514705882353 0.043229166666666666 0.07536764705882353
1 0.60546875 0.5009191176470589 0.04739583333333333 0.06985294117647059
1 0.52890625 0.7049632352941176 0.03802083333333333 0.10110294117647059
1 0.45416666666666666 0.6024816176470589 0.03229166666666667 0.07628676470588236
1 0.2911458333333333 0.6089154411764706 0.0375 0.06158088235294118
1 0.303125 0.7159926470588235 0.04583333333333333 0.0974264705882353
1 0.4080729166666667 0.9099264705882353 0.0359375 0.07352941176470588
1 0.621875 0.5436580882352942 0.058333333333333334 0.078125