1 0.9546875 0.5202205882352942 0.025 0.08272058823529412
1 0.8833333333333333 0.36443014705882354 0.020833333333333332 0.05974264705882353
1 0.75078125 0.7072610294117647 0.0234375 0.078125
1 0.71953125 0.734375 0.024479166666666666 0.058823529411764705
1 0.2557291666666667 0.24540441176470587 0.021875 0.04595588235294118
1 0.47942708333333334 0.36213235294117646 0.0171875 0.0661764705882353
1 0.46927083333333336 0.3483455882352941 0.0125 0.027573529411764705
1 0.46770833333333334 0.37316176470588236 0.011458333333333333 0.025735294117647058
1 0.5684895833333333 0.4140625 0.0203125 0.04136029411764706
1 0.56328125 0.4025735294117647 0.018229166666666668 0.025735294117647058
1 0.5361979166666667 0.4696691176470588 0.021354166666666667 0.05330882352941176
1 0.45208333333333334 0.4384191176470588 0.019791666666666666 0.04044117647058824
1 0.5619791666666667 0.4365808823529412 0.015625 0.04044117647058824