1 0.3893229166666667 0.24908088235294118 0.030729166666666665 0.0661764705882353
1 0.41328125 0.4329044117647059 0.03697916666666667 0.05698529411764706
1 0.4513020833333333 0.5482536764705882 0.0296875 0.078125
1 0.18020833333333333 0.5914522058823529 0.04479166666666667 0.06893382352941177
1 0.33255208333333336 0.8943014705882353 0.050520833333333334 0.06801470588235294
1 0.41171875 0.9080882352941176 0.03802083333333333 0.07720588235294118
1 0.47734375 0.4600183823529412 0.030729166666666665 0.057904411764705885
1 0.4510416666666667 0.4499080882352941 0.03125 0.057904411764705885
1 0.6518229166666667 0.8368566176470589 0.0390625 0.06893382352941177
1 0.6197916666666666 0.46599264705882354 0.03854166666666667 0.08088235294117647
1 0.62265625 0.5321691176470589 0.05364583333333333 0.07720588235294118