1 0.4703125 0.4260110294117647 0.04791666666666667 0.12591911764705882
1 0.27317708333333335 0.6714154411764706 0.0390625 0.07996323529411764
1 0.4778645833333333 0.7141544117647058 0.06510416666666667 0.06433823529411764
1 0.3463541666666667 0.7274816176470589 0.05416666666666667 0.0744485294117647
1 0.62265625 0.5298713235294118 0.04635416666666667 0.07996323529411764
1 0.40338541666666666 0.41544117647058826 0.06927083333333334 0.11029411764705882
1 0.27239583333333334 0.31387867647058826 0.04375 0.078125
1 0.26848958333333334 0.4007352941176471 0.0421875 0.09191176470588236
1 0.465625 0.6130514705882353 0.058333333333333334 0.0900735294117647
1 0.2674479166666667 0.17049632352941177 0.04114583333333333 0.10202205882352941
1 0.78359375 0.09145220588235294 0.06197916666666667 0.10018382352941177