1 0.7515625 0.7077205882352942 0.022916666666666665 0.0900735294117647
1 0.7205729166666667 0.7389705882352942 0.030729166666666665 0.058823529411764705
1 0.88359375 0.359375 0.022395833333333334 0.06066176470588235
1 0.2526041666666667 0.24080882352941177 0.022916666666666665 0.05330882352941176
1 0.5734375 0.35661764705882354 0.01875 0.03860294117647059
1 0.4953125 0.3226102941176471 0.01875 0.03860294117647059
1 0.5192708333333333 0.26516544117647056 0.0125 0.05974264705882353
1 0.5106770833333333 0.25735294117647056 0.013020833333333334 0.025735294117647058
1 0.5091145833333334 0.2803308823529412 0.018229166666666668 0.04044117647058824
1 0.6026041666666667 0.296875 0.015625 0.03125
1 0.59453125 0.29871323529411764 0.011979166666666667 0.02022058823529412
1 0.5934895833333333 0.32169117647058826 0.016145833333333335 0.029411764705882353
1 0.98515625 0.5955882352941176 0.0296875 0.0900735294117647