1 0.46875 0.4333639705882353 0.04791666666666667 0.12591911764705882
1 0.27734375 0.6750919117647058 0.0390625 0.07996323529411764
1 0.4856770833333333 0.7141544117647058 0.06510416666666667 0.06433823529411764
1 0.3333333333333333 0.7339154411764706 0.05416666666666667 0.0744485294117647
1 0.6236979166666666 0.5289522058823529 0.04635416666666667 0.07996323529411764
1 0.4049479166666667 0.421875 0.06927083333333334 0.11029411764705882
1 0.27760416666666665 0.3414522058823529 0.04375 0.078125
1 0.26848958333333334 0.4416360294117647 0.044270833333333336 0.09650735294117647
1 0.45729166666666665 0.6158088235294118 0.058333333333333334 0.0900735294117647
1 0.27317708333333335 0.22564338235294118 0.04114583333333333 0.10202205882352941
1 0.77734375 0.10294117647058823 0.06510416666666667 0.10477941176470588