1 0.7010416666666667 0.1714154411764706 0.04479166666666667 0.08363970588235294
1 0.5013020833333334 0.3005514705882353 0.022395833333333334 0.08639705882352941
1 0.35442708333333334 0.6636029411764706 0.0515625 0.0974264705882353
1 0.53515625 0.8520220588235294 0.024479166666666666 0.0974264705882353
1 0.5078125 0.8147977941176471 0.020833333333333332 0.06893382352941177
1 0.4856770833333333 0.7761948529411765 0.028645833333333332 0.06893382352941177
1 0.39895833333333336 0.6452205882352942 0.036458333333333336 0.07352941176470588
1 0.3796875 0.5919117647058824 0.027083333333333334 0.04411764705882353
1 0.36276041666666664 0.578125 0.034895833333333334 0.051470588235294115
1 0.3528645833333333 0.5542279411764706 0.033854166666666664 0.04595588235294118
1 0.33671875 0.5477941176470589 0.0296875 0.0661764705882353