1 0.09401041666666667 0.38235294117647056 0.06197916666666667 0.05698529411764706
1 0.48072916666666665 0.28125 0.027083333333333334 0.05330882352941176
1 0.6333333333333333 0.43474264705882354 0.026041666666666668 0.07536764705882353
1 0.30703125 0.6778492647058824 0.03177083333333333 0.07996323529411764
1 0.33489583333333334 0.7012867647058824 0.035416666666666666 0.06433823529411764
1 0.36822916666666666 0.7725183823529411 0.03229166666666667 0.06525735294117647
1 0.42604166666666665 0.8892463235294118 0.040625 0.078125
1 0.3497395833333333 0.9512867647058824 0.024479166666666666 0.027573529411764705
1 0.31197916666666664 0.5689338235294118 0.04791666666666667 0.051470588235294115
1 0.41067708333333336 0.8111213235294118 0.0390625 0.05974264705882353
1 0.38385416666666666 0.9577205882352942 0.028125 0.03676470588235294