1 0.5455729166666666 0.8446691176470589 0.033854166666666664 0.03308823529411765
1 0.3684895833333333 0.23253676470588236 0.0265625 0.04963235294117647
1 0.6533854166666667 0.3327205882352941 0.0328125 0.058823529411764705
1 0.56484375 0.5473345588235294 0.0421875 0.07628676470588236
1 0.44192708333333336 0.4296875 0.024479166666666666 0.04136029411764706
1 0.4744791666666667 0.6470588235294118 0.03125 0.07169117647058823
1 0.29296875 0.6222426470588235 0.027604166666666666 0.042279411764705885
1 0.40598958333333335 0.9090073529411765 0.027604166666666666 0.06985294117647059
1 0.509375 0.859375 0.025 0.04595588235294118
1 0.54140625 0.9016544117647058 0.05260416666666667 0.05514705882352941
1 0.6239583333333333 0.5556066176470589 0.03125 0.06709558823529412