1 0.41744791666666664 0.7591911764705882 0.030729166666666665 0.07904411764705882
1 0.4934895833333333 0.14246323529411764 0.03177083333333333 0.06801470588235294
1 0.5911458333333334 0.1870404411764706 0.027083333333333334 0.0744485294117647
1 0.6135416666666667 0.4365808823529412 0.021875 0.07352941176470588
1 0.59921875 0.4227941176470588 0.0265625 0.07169117647058823
1 0.8885416666666667 0.1213235294117647 0.035416666666666666 0.08455882352941177
1 0.8427083333333333 0.4149816176470588 0.029166666666666667 0.07628676470588236
1 0.8046875 0.44485294117647056 0.019791666666666666 0.0625
1 0.63125 0.36443014705882354 0.035416666666666666 0.06341911764705882
1 0.6734375 0.22840073529411764 0.03229166666666667 0.06341911764705882
1 0.6497395833333334 0.27527573529411764 0.018229166666666668 0.06893382352941177
1 0.6588541666666666 0.28308823529411764 0.025 0.05514705882352941