1 0.33229166666666665 0.234375 0.036458333333333336 0.06801470588235294
1 0.6104166666666667 0.24678308823529413 0.07916666666666666 0.12959558823529413
1 0.6171875 0.5583639705882353 0.034375 0.05422794117647059
1 0.6658854166666667 0.8625919117647058 0.043229166666666666 0.06341911764705882
1 0.49505208333333334 0.8607536764705882 0.025520833333333333 0.043198529411764705
1 0.4453125 0.8046875 0.03333333333333333 0.057904411764705885
1 0.6609375 0.4554227941176471 0.023958333333333335 0.05974264705882353
1 0.6635416666666667 0.5358455882352942 0.021875 0.051470588235294115
1 0.6627604166666666 0.5703125 0.0234375 0.06341911764705882
1 0.4390625 0.46599264705882354 0.029166666666666667 0.06985294117647059
1 0.02421875 0.08685661764705882 0.044270833333333336 0.07628676470588236
1 0.69296875 0.5096507352941176 0.025520833333333333 0.0818014705882353