1 0.7515625 0.7086397058823529 0.022916666666666665 0.0900735294117647
1 0.7205729166666667 0.7389705882352942 0.030729166666666665 0.058823529411764705
1 0.88359375 0.3630514705882353 0.022395833333333334 0.06066176470588235
1 0.253125 0.23988970588235295 0.022916666666666665 0.05330882352941176
1 0.5651041666666666 0.38419117647058826 0.01875 0.03860294117647059
1 0.48385416666666664 0.35110294117647056 0.020833333333333332 0.042279411764705885
1 0.9690104166666667 0.5744485294117647 0.0296875 0.0900735294117647
1 0.5950520833333334 0.3336397058823529 0.019270833333333334 0.042279411764705885
1 0.59375 0.3350183823529412 0.016666666666666666 0.030330882352941176
1 0.5903645833333333 0.34880514705882354 0.019270833333333334 0.03216911764705882
1 0.5096354166666667 0.2945772058823529 0.016145833333333335 0.046875
1 0.50703125 0.2858455882352941 0.015104166666666667 0.027573529411764705
1 0.4986979166666667 0.2931985294117647 0.016145833333333335 0.025735294117647058
1 0.49661458333333336 0.3125 0.015104166666666667 0.029411764705882353