1 0.2140625 0.26286764705882354 0.019791666666666666 0.05330882352941176
1 0.9794270833333333 0.5528492647058824 0.018229166666666668 0.078125
1 0.83984375 0.35891544117647056 0.0171875 0.06525735294117647
1 0.98828125 0.5772058823529411 0.0171875 0.08088235294117647
1 0.71875 0.7022058823529411 0.027083333333333334 0.09375
1 0.8875 0.7853860294117647 0.034375 0.08363970588235294
1 0.5200520833333333 0.13556985294117646 0.011979166666666667 0.021139705882352942
1 0.5197916666666667 0.14154411764705882 0.011458333333333333 0.016544117647058824
1 0.5106770833333333 0.171875 0.011979166666666667 0.027573529411764705
1 0.5848958333333333 0.16544117647058823 0.013541666666666667 0.02389705882352941
1 0.58203125 0.19715073529411764 0.0140625 0.030330882352941176