1 0.70625 0.14154411764705882 0.046875 0.08823529411764706
1 0.4981770833333333 0.2757352941176471 0.024479166666666666 0.09558823529411764
1 0.3385416666666667 0.6539522058823529 0.05416666666666667 0.10202205882352941
1 0.53671875 0.8556985294117647 0.024479166666666666 0.0974264705882353
1 0.5072916666666667 0.8175551470588235 0.020833333333333332 0.06893382352941177
1 0.48385416666666664 0.7807904411764706 0.030208333333333334 0.07261029411764706
1 0.37552083333333336 0.6323529411764706 0.03854166666666667 0.07720588235294118
1 0.37057291666666664 0.5854779411764706 0.028645833333333332 0.04595588235294118
1 0.35625 0.5758272058823529 0.036458333333333336 0.05422794117647059
1 0.33958333333333335 0.5454963235294118 0.0375 0.050551470588235295
1 0.325 0.5386029411764706 0.03125 0.06985294117647059