1 0.7020833333333333 0.16957720588235295 0.04479166666666667 0.08363970588235294
1 0.5018229166666667 0.3000919117647059 0.0234375 0.09099264705882353
1 0.35104166666666664 0.6622242647058824 0.05416666666666667 0.10202205882352941
1 0.5356770833333333 0.8575367647058824 0.024479166666666666 0.0974264705882353
1 0.5078125 0.8203125 0.020833333333333332 0.06893382352941177
1 0.4856770833333333 0.7826286764705882 0.028645833333333332 0.06893382352941177
1 0.3963541666666667 0.6488970588235294 0.036458333333333336 0.07352941176470588
1 0.3765625 0.59375 0.027083333333333334 0.04411764705882353
1 0.36328125 0.5854779411764706 0.034895833333333334 0.051470588235294115
1 0.34921875 0.5551470588235294 0.033854166666666664 0.04595588235294118
1 0.33359375 0.5514705882352942 0.0296875 0.0661764705882353